0
-4
-13
-28
-55
-88
-121
-147
-166
-178
-184
-181
-169
-150
-129
-109
-90
-78
-74
-78
-83
-81
-72
-58
-42
-27
-13
0
9
14
9
-9
-44
-92
-143
-194
-238
-273
-282
-208
-57
152
392
639
851
953
882
609
148
-447
-1098
-1729
-2301
-2784
-3172
-3457
-3635
-3723
-3732
-3674
-3557
-3389
-3174
-2915
-2620
-2291
-1933
-1548
-1143
-724
-294
136
558
967
1336
1673
2005
2324
2628
2916
3186
3433
3655
3847
4001
4113
4185
4222
4227
4204
4152
4064
3943
3797
3635
3466
3296
3124
2953
2786
2625
2469
2321
2179
2041
1906
1775
1644
1512
1378
1243
1105
964
820
673
521
367
213
59
-92
-238
-373
-495
-605
-700
-785
-863
-929
-986
-1033
-1073
-1105
-1130
-1148
-1162
-1173
-1184
-1195
-1202
-1205
-1211
-1217
-1222
-1226
-1224
-1215
-1200
-1180
-1156
-1128
-1097
-1061
-1020
-976
-926
-874
-821
-769
-718
-670
-627
-590
-558
-530
-507
-488
-472
-458
-444
-431
-422
-418
-417
-416
-416
-416
-414
-408
-399
-387
-371
-353
-334
-314
-296
-278
-256
-230
-202
-171
-140
-113
-88
-66
-48
-34
-25
-19
-16
-15
-15
-17
-20
-26
-35
-46
-59
-71
-83
-92
-99
-103
-105
-104
-101
-96
-91
-86
-81
-76
-68
-57
-42
-25
-9
5
18
27
33
40
45
44
40
38
37
38
37
31
21
10
-1
-10
-19
-27
-33
-36
-35
-32
-29
-26
-25
-22
-21
-19
-14
-5
4
12
21
29
36
41
44
46
47
48
50
52
55
58
60
59
54
48
42
36
31
25
20
18
19
20
21
21
19
17
15
14
14
15
18
23
29
33
37
39
40
41
42
43
47
52
56
58
58
57
54
51
48
46
45
43
41
40
41
42
42
41
39
38
37
38
39
39
39
39
38
38
39
40
41
42
44
48
52
57
63
68
70
69
67
65
62
61
59
58
58
58
56
53
48
43
38
33
33
36
40
43
44
45
46
48
50
52
53
54
56
59
63
66
68
68
65
62
59
56
54
52
52
52
54
56
57
58
57
53
49
47
50
55
60
63
65
67
70
72
74
74
73
74
77
81
88
95
98
100
101
101
100
100
102
101
100
100
101
101
99
95
89
84
80
80
83
86
89
91
94
98
101
103
104
107
110
113
118
125
132
137
140
143
146
149
150
149
146
142
140
142
144
142
138
136
133
132
133
137
143
150
155
161
166
169
170
169
167
165
163
164
169
175
178
180
181
180
179
180
180
180
179
178
178
177
173
168
163
160
158
156
157
162
170
178
183
187
191
195
198
199
200
201
205
212
219
225
231
234
236
240
244
248
251
256
263
270
277
282
284
283
283
283
280
276
280
287
293
299
305
312
319
322
325
326
325
323
319
314
304
286
263
236
206
172
136
98
56
11
-35
-84
-135
-188
-244
-304
-365
-426
-486
-545
-598
-647
-702
-762
-825
-888
-952
-1015
-1075
-1132
-1185
-1235
-1282
-1323
-1362
-1399
-1425
-1446
-1468
-1491
-1514
-1531
-1544
-1554
-1558
-1555
-1547
-1530
-1508
-1488
-1466
-1441
-1412
-1378
-1338
-1296
-1256
-1213
-1170
-1124
-1075
-1026
-976
-924
-870
-819
-769
-721
-676
-637
-602
-570
-539
-510
-485
-460
-435
-408
-384
-361
-340
-321
-303
-284
-263
-241
-216
-190
-166
-142
-122
-103
-85
-69
-53
-39
-28
-14
2
17
30
41
51
59
65
70
74
76
76
75
73
73
73
73
72
70
66
63
60
60
61
62
64
65
68
69
70
70
71
72
74
79
86
93
97
99
99
97
94
92
90
88
86
83
79
76
71
66
62
57
52
51
53
56
58
61
62
64
66
66
66
65
62
61
60
62
66
68
69
69
66
63
59
57
54
52
50
47
45
44
40
34
27
20
14
11
12
15
19
23
28
31
35
38
40
41
41
42
43
45
48
47
46
45
41
37
33
29
26
22
19
17
17
16
13
7
2
-1
-1
-1
1
4
8
12
16
19
22
23
22
22
22
26
32
37
40
42
41
40
39
39
37
35
33
33
35
38
41
42
46
47
47
47
48
48
47
46
47
50
52
55
57
59
61
65
69
75
82
87
88
88
89
88
85
82
78
75
73
72
71
71
70
68
62
57
53
51
54
60
65
69
72
74
76
78
77
76
75
77
81
87
91
92
92
92
92
92
92
90
89
88
87
86
85
85
83
77
71
65
62
63
66
70
73
75
77
76
75
76
75
74
75
78
82
87
90
91
89
86
82
78
74
70
67
65
63
63
62
61
60
58
56
57
60
62
64
66
67
69
72
76
79
81
82
83
86
90
93
95
95
94
93
90
87
83
79
76
73
70
65
59
51
44
37
32
27
23
24
30
39
49
58
66
73
77
81
84
88
92
95
97
96
90
80
66
49
34
20
10
3
1
6
19
38
63
90
116
140
162
182
203
221
236
246
251
254
254
249
243
235
228
222
217
211
207
203
196
188
177
160
143
126
108
88
66
45
22
0
-24
-48
-73
-95
-112
-125
-135
-143
-145
-149
-154
-157
-160
-165
-171
-176
-179
-176
-170
-162
-153
-143
-133
-123
-113
-102
-93
-84
-77
-69
-60
-52
-43
-37
-33
-30
-28
-24
-18
-10
0
8
15
22
28
34
40
44
48
55
60
66
73
80
85
89
91
91
91
91
92
91
88
84
82
79
77
70
61
51
43
39
40
45
48
50
54
55
55
53
53
52
51
52
55
58
61
63
63
62
60
57
52
45
40
36
33
31
30
30
29
26
21
17
16
16
18
20
22
24
25
26
26
27
28
35
50
72
100
131
162
190
210
220
218
205
187
165
137
108
82
52
21
-12
-45
-74
-96
-109
-114
-111
-104
-92
-78
-61
-46
-33
-24
-21
-25
-36
-49
-58
-63
-65
-64
-64
-66
-65
-61
-51
-37
-23
-10
3
19
36
52
73
104
146
200
257
309
341
314
172
-141
-655
-1368
-2218
-3102
-3928
-4635
-5196
-5597
-5823
-5880
-5784
-5556
-5227
-4822
-4363
-3883
-3387
-2858
-2308
-1746
-1180
-617
-63
476
996
1489
1953
2381
2768
3117
3431
3717
3975
4204
4403
4571
4692
4769
4812
4824
4810
4771
4707
4612
4484
4328
4152
3965
3775
3583
3392
3205
3025
2855
2697
2551
2417
2294
2180
2070
1962
1855
1747
1637
1519
1396
1264
1118
964
803
635
465
296
132
-20
-159
-288
-407
-515
-610
-696
-772
-836
-892
-938
-978
-1012
-1042
-1068
-1093
-1115
-1135
-1152
-1163
-1166
-1163
-1152
-1136
-1115
-1091
-1066
-1039
-1010
-980
-951
-920
-886
-850
-811
-772
-735
-701
-668
-638
-611
-584
-559
-538
-520
-504
-488
-475
-465
-459
-455
-451
-447
-440
-430
-415
-398
-381
-361
-339
-316
-294
-275
-257
-238
-217
-195
-170
-145
-123
-106
-93
-85
-78
-73
-68
-65
-62
-62
-64
-66
-67
-72
-79
-89
-99
-106
-110
-111
-108
-104
-99
-94
-88
-82
-75
-68
-60
-52
-41
-29
-15
-1
9
16
19
19
16
13
10
5
-1
-5
-6
-8
-11
-15
-21
-27
-31
-31
-29
-25
-21
-16
-10
-2
7
14
20
27
33
39
47
55
63
68
70
68
63
57
50
45
39
35
33
32
32
30
26
19
9
-2
-8
-10
-9
-8
-6
-2
0
3
5
7
8
9
11
16
23
31
37
41
42
42
41
39
36
33
31
32
32
30
27
23
17
8
2
-4
-7
-8
-8
-8
-8
-4
2
8
14
20
25
28
32
37
43
49
52
53
53
51
47
43
41
40
38
40
43
46
46
44
40
34
29
26
26
26
27
28
29
33
37
40
42
42
41
41
44
48
53
55
55
54
53
51
50
49
48
47
47
47
47
46
44
40
35
30
28
29
31
34
39
45
51
56
59
60
60
58
57
57
61
67
71
72
73
72
72
74
75
76
75
75
77
79
80
78
75
71
67
63
63
66
70
74
79
87
95
102
108
113
118
124
131
137
141
145
146
145
142
140
138
136
134
135
136
138
141
144
146
144
140
134
130
128
130
137
146
152
157
160
162
163
163
164
164
164
166
170
175
180
183
185
188
187
185
182
180
177
176
175
176
178
179
177
172
167
165
166
168
171
174
177
181
186
191
192
192
191
190
191
191
193
196
199
202
202
201
201
203
206
207
208
209
213
214
215
213
211
211
215
222
231
242
252
259
266
272
282
290
297
304
313
321
330
342
352
358
361
360
358
356
354
350
348
344
341
333
322
306
287
264
238
210
180
150
119
87
50
8
-39
-85
-131
-178
-231
-287
-346
-406
-467
-529
-591
-654
-721
-788
-857
-925
-992
-1050
-1103
-1161
-1220
-1280
-1338
-1395
-1449
-1498
-1542
-1575
-1598
-1616
-1627
-1632
-1634
-1632
-1627
-1618
-1608
-1593
-1575
-1552
-1524
-1488
-1446
-1404
-1362
-1321
-1283
-1245
-1205
-1161
-1113
-1064
-1016
-969
-924
-880
-840
-801
-764
-729
-694
-658
-621
-583
-546
-507
-472
-439
-406
-374
-345
-316
-288
-258
-229
-199
-171
-147
-128
-113
-101
-91
-80
-71
-61
-51
-42
-34
-23
-12
-4
0
3
8
15
23
30
37
42
46
50
54
56
58
59
59
60
59
59
59
58
56
54
52
53
55
57
59
60
62
62
61
58
54
48
41
35
29
27
27
29
36
41
45
49
51
51
51
51
53
54
58
64
72
80
85
86
85
82
79
78
76
75
75
74
69
63
56
48
39
29
24
21
20
20
22
24
27
30
32
34
35
33
31
33
37
41
45
48
48
46
44
40
36
31
27
26
26
27
27
25
21
17
13
9
9
12
16
20
21
22
23
24
26
26
25
25
28
33
38
41
42
43
44
44
43
42
40
39
39
40
41
43
43
41
36
32
31
31
34
37
40
43
46
50
53
55
56
55
52
51
53
59
65
71
76
81
83
83
82
80
76
73
73
73
73
71
66
60
55
53
51
52
54
57
59
62
66
70
73
76
79
82
86
90
96
101
103
104
102
99
97
96
95
92
91
92
92
92
90
86
82
75
71
70
71
75
79
82
82
83
82
81
81
79
75
73
75
79
85
90
92
92
91
89
87
86
86
84
83
82
81
80
78
75
70
64
59
59
61
63
66
71
76
82
87
92
96
98
97
98
99
100
101
100
98
96
95
93
92
91
90
91
92
94
94
92
88
83
78
73
70
69
68
67
65
67
70
72
71
70
67
60
57
57
60
64
67
70
71
71
72
74
76
79
81
82
81
77
71
59
43
27
11
0
-9
-15
-16
-10
0
12
29
50
75
100
124
151
177
201
224
241
253
259
262
261
257
251
245
238
231
222
213
204
194
182
168
152
138
126
116
105
93
81
67
52
37
22
6
-11
-27
-40
-51
-61
-70
-79
-89
-101
-112
-124
-134
-142
-148
-151
-155
-158
-161
-163
-164
-164
-163
-160
-153
-139
-124
-108
-92
-76
-60
-44
-32
-22
-13
-4
7
20
34
49
58
64
65
64
62
60
60
60
60
63
66
69
71
69
63
58
55
54
57
61
66
68
70
71
71
69
68
67
66
65
67
71
76
79
78
74
69
64
59
56
54
54
53
53
52
51
48
43
37
30
23
18
20
25
33
38
42
44
45
43
38
34
31
30
32
35
37
37
36
33
29
25
21
18
17
24
40
65
96
127
157
182
198
205
202
194
185
171
151
125
95
59
19
-19
-52
-78
-94
-98
-95
-87
-74
-56
-37
-21
-11
-6
-9
-20
-37
-55
-70
-82
-90
-98
-104
-108
-108
-103
-95
-86
-84
-93
-106
-120
-134
-135
-107
-39
78
241
427
615
779
855
772
482
-21
-691
-1437
-2162
-2805
-3332
-3740
-4026
-4193
-4249
-4212
-4100
-3927
-3703
-3433
-3120
-2772
-2396
-1994
-1570
-1130
-679
-220
238
688
1125
1546
1942
2309
2648
2960
3247
3509
3745
3953
4134
4277
4378
4436
4457
4445
4400
4324
4212
4067
3897
3712
3523
3337
3158
2984
2817
2657
2504
2355
2214
2092
1982
1878
1777
1676
1571
1464
1350
1226
1088
938
786
634
471
300
125
-48
-216
-374
-521
-655
-777
-889
-986
-1064
-1125
-1171
-1203
-1225
-1240
-1250
-1254
-1255
-1253
-1250
-1244
-1236
-1225
-1210
-1190
-1166
-1142
-1117
-1096
-1076
-1055
-1032
-1008
-982
-954
-926
-898
-870
-842
-814
-786
-759
-734
-707
-679
-650
-620
-591
-562
-535
-508
-481
-457
-436
-415
-394
-373
-352
-328
-307
-292
-279
-268
-259
-249
-240
-230
-219
-207
-194
-179
-165
-155
-148
-142
-137
-131
-123
-110
-96
-84
-75
-67
-62
-59
-56
-54
-53
-51
-46
-41
-34
-28
-25
-25
-26
-29
-31
-32
-33
-34
-35
-35
-35
-34
-34
-35
-38
-42
-46
-46
-44
-38
-33
-30
-27
-25
-22
-21
-19
-16
-12
-5
3
13
21
27
33
35
35
33
32
30
29
27
26
26
26
25
22
18
15
10
7
6
7
8
9
10
10
11
12
11
9
9
12
17
23
31
38
42
43
42
40
37
36
34
33
31
31
33
36
38
37
34
30
27
26
27
29
29
31
33
34
35
37
39
40
41
43
47
52
57
58
55
51
47
43
39
37
36
36
38
38
37
36
35
32
28
24
24
29
35
42
47
52
57
61
63
65
65
64
63
64
68
72
72
71
69
68
66
65
65
64
63
60
58
57
56
52
45
38
32
29
29
30
32
36
41
43
45
47
48
50
53
55
58
64
70
76
79
81
82
81
80
78
76
73
72
72
73
75
75
72
69
66
65
66
67
68
70
71
75
80
85
88
92
97
98
101
104
107
111
113
113
110
108
107
107
108
109
111
114
117
119
119
118
116
117
116
116
117
117
116
115
115
117
120
124
127
130
133
139
146
155
162
167
169
168
165
161
159
157
157
159
160
161
162
161
156
153
150
148
148
149
152
158
165
171
173
175
178
179
179
179
178
179
183
186
190
193
194
194
194
194
194
193
192
190
188
188
188
188
188
192
195
198
203
210
220
230
237
244
250
254
258
262
265
268
274
281
291
300
308
316
322
329
334
343
347
351
353
354
355
356
355
353
351
348
345
344
343
339
333
325
313
297
279
257
232
205
175
143
110
75
40
2
-41
-90
-144
-201
-260
-321
-383
-446
-511
-576
-641
-707
-778
-851
-923
-992
-1056
-1115
-1169
-1218
-1265
-1310
-1353
-1396
-1436
-1473
-1506
-1537
-1564
-1585
-1599
-1607
-1609
-1606
-1603
-1598
-1588
-1574
-1556
-1535
-1511
-1483
-1452
-1417
-1376
-1336
-1296
-1257
-1217
-1175
-1131
-1083
-1034
-984
-934
-884
-836
-787
-740
-694
-651
-611
-572
-535
-497
-460
-426
-396
-368
-343
-321
-301
-282
-266
-251
-235
-219
-202
-185
-169
-155
-143
-130
-112
-94
-75
-56
-37
-21
-7
4
15
26
34
42
50
58
65
72
77
80
80
78
73
67
62
57
52
49
46
43
40
35
27
19
11
6
4
4
5
6
8
12
16
18
20
23
25
26
30
35
40
45
47
47
45
44
44
44
45
47
48
49
50
53
54
54
48
39
32
27
24
23
23
23
21
19
16
12
9
5
3
2
5
9
16
20
23
25
25
24
23
22
20
18
20
23
28
33
35
37
37
37
40
45
52
60
66
70
72
74
77
76
75
76
76
78
80
85
87
87
87
86
85
84
82
80
78
78
77
77
77
75
72
67
63
60
58
62
70
75
79
82
84
84
83
81
78
77
78
81
87
93
97
99
100
100
99
97
96
93
90
88
87
86
84
83
81
81
83
85
90
95
100
104
106
106
105
104
103
99
96
95
97
103
110
116
119
121
121
120
118
116
113
110
106
102
100
97
94
91
86
84
84
86
89
92
93
93
93
92
90
88
85
82
82
87
92
97
102
104
104
103
104
104
105
105
105
105
105
105
104
100
96
90
84
80
79
80
83
86
89
93
95
97
95
92
91
90
91
94
98
102
105
105
106
105
103
100
98
95
92
91
90
89
87
82
78
75
73
72
72
75
79
82
82
81
80
79
78
77
78
81
85
88
91
92
90
87
83
77
71
67
64
61
59
56
54
51
49
46
42
40
41
44
48
54
59
62
62
61
57
53
46
39
32
26
20
15
14
16
21
30
41
58
77
100
126
153
178
200
217
230
239
243
242
240
237
236
235
235
231
223
212
200
189
178
166
154
144
135
129
121
111
97
78
58
40
20
0
-19
-37
-52
-66
-79
-93
-107
-121
-134
-146
-155
-162
-165
-167
-167
-162
-156
-150
-145
-140
-132
-124
-113
-99
-84
-68
-53
-40
-30
-21
-14
-7
0
7
14
22
28
32
34
34
34
35
36
35
34
37
42
47
51
54
57
59
64
68
72
76
80
86
93
101
103
100
96
93
90
85
80
75
73
72
70
67
62
56
49
44
41
41
43
43
44
44
42
41
39
38
37
34
32
32
34
39
46
52
57
59
59
59
58
57
56
53
50
45
39
33
27
20
12
6
2
-1
-4
-6
-5
4
24
47
73
103
137
165
187
200
201
195
182
165
144
122
99
70
39
8
-24
-49
-67
-80
-85
-83
-78
-69
-57
-46
-37
-31
-31
-38
-47
-56
-62
-66
-70
-75
-80
-82
-82
-85
-101
-134
-188
-251
-312
-357
-362
-300
-152
88
402
760
1127
1475
1750
1876
1793
1481
963
301
-422
-1138
-1805
-2387
-2874
-3254
-3531
-3713
-3809
-3830
-3780
-3664
-3488
-3257
-2978
-2655
-2295
-1904
-1489
-1055
-610
-164
277
711
1132
1533
1912
2265
2593
2898
3177
3431
3658
3856
4012
4123
4190
4221
4217
4176
4098
3984
3838
3672
3497
3321
3150
2979
2809
2641
2479
2325
2180
2042
1910
1780
1651
1521
1391
1259
1122
979
828
670
508
344
180
18
-143
-299
-448
-588
-716
-830
-932
-1020
-1096
-1159
-1212
-1250
-1275
-1289
-1297
-1302
-1304
-1305
-1304
-1298
-1289
-1278
-1266
-1255
-1244
-1232
-1220
-1206
-1191
-1173
-1150
-1121
-1089
-1054
-1016
-976
-935
-893
-850
-806
-766
-730
-694
-658
-621
-586
-553
-524
-499
-477
-458
-441
-428
-417
-406
-395
-384
-372
-360
-348
-338
-328
-319
-308
-294
-277
-258
-240
-220
-199
-178
-159
-140
-123
-107
-93
-79
-64
-48
-34
-25
-19
-17
-18
-20
-22
-24
-25
-27
-29
-32
-36
-40
-45
-53
-61
-69
-75
-74
-68
-60
-50
-41
-31
-22
-14
-7
-2
3
9
17
26
34
39
41
41
39
35
31
27
23
20
17
15
11
6
2
-4
-12
-19
-22
-21
-16
-8
-2
4
11
19
27
33
37
41
46
51
58
67
74
78
79
77
74
69
64
59
53
48
44
39
33
26
20
14
9
5
4
4
3
3
2
3
8
13
16
18
21
25
30
36
42
47
53
56
57
56
55
53
53
53
52
51
49
50
52
50
46
42
38
36
38
41
44
46
48
52
56
58
59
61
62
63
65
70
75
78
78
77
75
71
67
65
62
59
58
58
58
58
58
55
50
45
42
41
42
44
45
46
47
48
48
48
48
46
46
49
55
60
65
70
73
74
74
73
71
70
69
67
64
63
62
61
60
59
57
57
59
62
66
68
69
72
76
78
79
80
81
83
85
88
93
98
102
104
105
104
103
101
99
96
94
95
97
100
102
101
101
98
94
93
95
96
96
94
93
96
102
107
111
113
115
118
126
134
142
148
152
153
153
150
147
143
140
136
133
133
135
136
135
134
133
132
133
136
139
144
151
155
160
165
166
164
161
160
158
158
161
167
174
181
188
193
197
197
195
191
185
181
180
180
178
174
170
168
166
165
162
163
166
171
176
181
187
192
194
195
194
193
195
200
207
215
222
227
231
235
239
242
246
249
255
262
267
272
276
276
272
267
262
260
263
268
277
290
302
313
323
330
337
341
341
339
337
336
337
337
331
319
301
280
256
232
206
177
148
115
76
35
-11
-61
-115
-171
-228
-284
-340
-398
-458
-519
-581
-646
-710
-774
-838
-899
-957
-1013
-1068
-1121
-1171
-1221
-1272
-1322
-1370
-1414
-1454
-1490
-1521
-1548
-1569
-1587
-1600
-1609
-1615
-1617
-1614
-1608
-1594
-1576
-1549
-1517
-1482
-1445
-1402
-1353
-1307
-1260
-1214
-1167
-1118
-1067
-1016
-964
-913
-864
-818
-774
-732
-692
-655
-621
-589
-557
-525
-496
-469
-445
-424
-404
-387
-369
-346
-321
-294
-268
-241
-215
-188
-163
-138
-115
-94
-74
-54
-31
-9
9
24
36
46
54
60
67
71
75
78
81
83
83
79
73
65
57
50
44
42
40
41
42
43
46
50
53
56
58
61
66
71
75
79
82
82
81
79
76
74
72
71
71
70
70
69
68
64
59
51
46
42
41
43
45
45
45
46
49
49
46
43
40
40
41
43
45
45
45
43
39
35
30
25
19
16
11
6
1
-3
-8
-13
-17
-21
-25
-23
-17
-10
-3
5
12
18
23
28
31
34
36
39
45
50
55
57
57
57
58
60
62
65
69
74
76
77
77
73
66
59
52
48
46
47
50
52
52
52
52
52
52
53
55
57
59
63
70
80
89
94
95
95
93
91
89
87
85
83
83
83
81
76
71
65
61
59
59
62
65
70
75
82
88
94
99
101
103
106
112
117
120
118
114
109
103
98
94
91
89
88
90
93
95
98
97
95
94
92
91
90
90
89
88
86
86
87
89
90
91
94
97
101
106
112
115
116
115
112
109
105
102
102
103
103
104
106
107
105
101
97
93
92
94
97
100
102
105
108
110
113
113
113
114
116
120
125
129
131
131
129
126
123
119
115
111
108
106
105
105
106
105
101
95
87
79
74
70
66
62
62
64
65
65
66
71
74
78
84
90
96
102
103
101
98
95
91
87
84
82
79
77
75
73
69
63
57
53
48
44
42
43
44
44
45
47
52
53
54
57
62
68
74
79
84
86
84
76
63
48
35
23
13
5
-2
-3
5
20
39
59
78
99
120
143
168
191
211
227
239
244
246
246
243
236
229
223
219
216
213
209
201
191
178
164
148
133
117
102
86
72
56
39
19
-1
-21
-39
-53
-65
-73
-80
-89
-98
-106
-113
-120
-125
-130
-137
-139
-138
-132
-126
-122
-119
-115
-111
-106
-101
-96
-92
-87
-82
-72
-59
-47
-38
-32
-29
-25
-21
-14
-6
1
9
16
22
27
32
35
37
39
42
46
53
61
65
69
70
72
73
74
75
74
74
74
74
74
74
71
66
59
51
43
40
37
38
39
40
40
39
39
39
40
41
42
44
49
56
63
66
66
65
62
58
55
52
49
46
46
47
49
49
45
39
32
27
22
18
20
23
26
28
28
28
27
24
19
12
5
1
6
19
39
65
91
120
150
176
195
203
199
187
170
149
125
94
59
21
-17
-53
-82
-100
-109
-114
-113
-105
-90
-69
-50
-37
-30
-26
-28
-36
-45
-53
-60
-70
-81
-92
-100
-106
-111
-120
-137
-166
-215
-274
-333
-386
-415
-389
-285
-88
193
527
877
1217
1521
1752
1740
1474
986
341
-377
-1095
-1755
-2332
-2817
-3199
-3479
-3664
-3761
-3784
-3738
-3629
-3462
-3240
-2968
-2652
-2297
-1907
-1516
-1124
-700
-256
190
635
1073
1495
1891
2259
2603
2925
3221
3490
3728
3932
4097
4213
4283
4314
4308
4266
4185
4070
3922
3749
3563
3373
3185
3001
2821
2648
2482
2324
2174
2033
1900
1773
1648
1527
1405
1278
1148
1013
874
731
593
455
314
163
6
-152
-306
-453
-593
-722
-839
-942
-1033
-1110
-1171
-1219
-1257
-1287
-1309
-1326
-1336
-1342
-1345
-1345
-1339
-1327
-1310
-1291
-1270
-1246
-1220
-1191
-1160
-1130
-1099
-1065
-1028
-991
-952
-910
-869
-829
-791
-752
-716
-687
-660
-636
-612
-590
-567
-548
-532
-518
-504
-495
-489
-480
-468
-452
-434
-416
-396
-376
-356
-337
-318
-299
-279
-258
-237
-215
-195
-175
-156
-140
-125
-113
-105
-97
-89
-82
-76
-71
-67
-63
-62
-64
-70
-77
-84
-86
-85
-81
-77
-74
-72
-69
-66
-63
-58
-52
-48
-43
-37
-29
-19
-11
-6
-2
1
3
6
8
10
10
11
12
12
10
7
2
-4
-8
-11
-10
-6
1
7
11
14
15
16
17
18
19
21
25
31
38
44
48
50
49
46
42
37
31
25
23
23
24
26
27
27
25
21
16
12
12
12
12
13
15
18
21
23
24
24
24
24
29
35
41
45
50
50
48
45
43
41
41
41
43
46
49
51
52
51
48
42
37
31
26
21
19
18
18
20
23
26
30
34
39
46
53
60
66
69
70
68
65
63
61
62
63
64
66
68
68
68
67
63
61
60
60
62
65
66
66
66
65
63
61
61
61
63
67
72
78
84
89
91
88
85
80
75
71
67
63
62
62
62
63
63
59
53
48
47
48
49
50
52
54
58
60
64
67
70
73
76
81
87
93
95
96
95
93
90
89
86
83
81
81
85
88
90
90
88
83
80
78
80
85
90
94
99
103
106
107
108
108
110
113
117
122
127
131
132
131
131
131
132
132
132
133
134
135
137
138
137
135
131
129
127
126
126
129
134
138
141
142
142
144
145
146
148
151
155
160
165
167
167
166
164
163
161
159
160
160
158
159
162
164
165
162
158
155
154
154
156
158
160
161
162
162
160
157
155
154
156
158
164
171
176
180
182
183
185
189
194
199
203
208
212
215
214
209
205
201
200
203
208
216
228
238
248
256
265
274
281
286
292
298
306
314
324
333
341
344
345
346
344
341
337
333
328
322
313
302
286
266
242
216
188
156
124
92
59
23
-15
-56
-102
-151
-202
-257
-315
-373
-425
-473
-527
-588
-653
-722
-791
-859
-926
-992
-1057
-1119
-1177
-1232
-1285
-1337
-1388
-1436
-1478
-1515
-1546
-1569
-1585
-1594
-1599
-1599
-1593
-1584
-1572
-1556
-1537
-1515
-1488
-1454
-1413
-1364
-1312
-1266
-1222
-1181
-1141
-1102
-1062
-1020
-978
-938
-898
-858
-821
-784
-751
-718
-684
-649
-613
-578
-541
-504
-468
-434
-402
-373
-344
-315
-290
-266
-241
-214
-186
-161
-139
-119
-103
-88
-73
-59
-43
-27
-14
0
11
20
27
32
33
32
33
37
44
51
59
67
75
81
86
89
91
90
89
92
95
100
105
107
107
106
104
100
97
91
86
81
79
77
77
75
72
67
60
56
52
51
52
54
56
59
60
61
62
62
61
61
65
71
75
79
81
82
79
75
70
66
63
59
55
51
46
42
39
33
26
18
12
9
10
15
20
23
24
25
26
28
26
23
19
17
16
16
18
19
19
18
17
15
10
7
8
10
13
18
22
24
24
21
16
12
10
10
11
12
14
16
18
22
25
28
30
31
32
34
38
42
48
51
52
52
50
48
47
49
50
52
55
58
60
61
59
56
52
46
45
47
51
54
57
61
65
68
70
72
73
76
81
87
95
104
112
114
110
104
97
89
82
78
75
74
74
74
73
71
66
59
53
49
48
53
60
66
72
78
83
88
90
91
90
90
91
93
98
102
103
103
103
101
100
100
100
100
100
100
100
99
96
90
81
73
67
63
64
68
73
78
81
83
83
84
87
88
89
92
95
99
104
106
106
103
100
97
95
93
93
92
90
87
85
82
77
70
64
62
61
62
62
62
64
66
69
72
73
73
74
76
78
83
89
96
101
104
105
102
99
95
91
89
88
88
87
86
84
80
77
71
65
59
56
55
54
51
50
49
49
50
52
55
57
61
68
76
87
96
101
104
100
93
84
75
64
53
42
30
20
10
2
-8
-13
-13
-6
8
31
60
91
124
154
179
202
220
233
243
250
254
258
262
264
260
250
238
225
209
195
183
171
161
151
141
131
119
105
89
70
50
31
13
0
-12
-24
-34
-47
-60
-72
-83
-94
-103
-109
-114
-117
-117
-119
-122
-126
-129
-131
-134
-136
-136
-133
-127
-119
-111
-104
-98
-94
-90
-85
-75
-63
-50
-38
-25
-12
1
12
21
28
34
40
46
50
56
65
72
76
79
81
82
83
84
86
88
89
89
90
89
87
83
79
76
73
72
72
72
70
68
65
61
58
55
53
52
52
53
56
60
64
68
67
63
59
55
51
49
48
47
49
52
54
54
54
52
48
41
34
31
31
32
33
34
34
33
32
31
30
29
29
29
31
34
34
31
30
35
46
63
86
113
143
171
192
203
200
186
166
142
115
88
59
30
-2
-34
-65
-88
-102
-107
-106
-99
-88
-72
-50
-25
-6
8
16
12
-1
-19
-35
-48
-57
-67
-75
-82
-85
-85
-87
-95
-117
-151
-193
-234
-272
-294
-280
-210
-74
128
373
635
891
1089
1150
1022
686
169
-464
-1117
-1742
-2306
-2782
-3166
-3453
-3642
-3740
-3759
-3712
-3605
-3446
-3240
-2989
-2701
-2376
-2015
-1623
-1206
-772
-328
118
559
989
1404
1796
2160
2499
2814
3108
3379
3625
3841
4020
4154
4240
4275
4269
4239
4184
4100
3982
3835
3670
3495
3316
3136
2958
2785
2618
2461
2317
2185
2064
1951
1840
1731
1622
1513
1404
1293
1169
1035
895
748
595
435
271
105
-62
-225
-377
-519
-649
-766
-870
-962
-1039
-1104
-1159
-1206
-1242
-1268
-1283
-1290
-1290
-1287
-1277
-1265
-1250
-1234
-1215
-1197
-1178
-1157
-1132
-1103
-1072
-1039
-1008
-979
-952
-925
-898
-870
-840
-809
-776
-746
-718
-694
-671
-653
-635
-618
-601
-585
-564
-540
-513
-485
-458
-432
-407
-382
-358
-336
-316
-296
-276
-255
-231
-212
-196
-184
-174
-164
-155
-146
-138
-129
-122
-116
-112
-110
-108
-108
-109
-110
-111
-111
-108
-103
-97
-90
-83
-76
-69
-62
-58
-54
-50
-45
-39
-33
-27
-22
-17
-15
-14
-15
-16
-17
-19
-21
-22
-23
-24
-23
-24
-28
-34
-40
-42
-40
-38
-33
-27
-22
-18
-16
-14
-12
-9
-5
0
6
13
19
24
27
27
24
22
21
23
27
28
27
28
28
28
27
23
18
11
6
2
2
4
6
8
11
13
15
17
17
20
24
29
32
36
41
44
43
41
39
37
36
35
36
38
39
41
43
43
41
37
32
24
17
15
15
16
18
21
24
26
32
37
39
41
44
50
56
63
68
70
68
65
62
59
56
51
47
42
39
38
37
36
33
29
27
27
29
32
34
36
36
38
39
41
42
43
45
47
51
57
63
68
70
69
66
61
56
52
50
51
51
51
51
50
50
48
44
39
36
35
36
40
43
45
48
51
55
60
62
65
65
65
68
73
79
83
86
86
84
81
79
78
79
79
82
85
87
87
85
83
78
73
71
71
70
70
71
72
73
74
75
77
78
81
85
90
96
103
109
115
119
120
119
117
115
112
110
110
112
114
116
115
114
111
109
109
112
118
125
131
136
142
146
148
149
149
148
148
151
155
161
165
167
166
165
163
162
164
166
167
169
170
170
170
172
170
165
159
154
150
147
148
150
153
155
157
158
158
160
160
159
159
163
168
174
179
180
179
177
176
176
177
177
178
181
184
188
194
198
196
193
191
192
197
204
211
218
225
232
240
248
256
263
269
277
284
292
301
309
317
323
327
330
331
332
330
327
326
325
323
320
314
305
292
276
260
247
235
222
207
190
171
150
127
99
64
23
-22
-68
-116
-165
-215
-268
-328
-391
-456
-522
-589
-658
-722
-778
-840
-905
-965
-1019
-1079
-1140
-1202
-1259
-1310
-1355
-1388
-1412
-1436
-1461
-1486
-1508
-1524
-1536
-1546
-1555
-1559
-1556
-1544
-1527
-1501
-1471
-1444
-1417
-1390
-1362
-1330
-1294
-1258
-1219
-1176
-1130
-1084
-1039
-995
-955
-916
-874
-830
-783
-736
-691
-648
-606
-567
-529
-494
-460
-426
-392
-359
-325
-292
-264
-240
-220
-204
-190
-175
-160
-144
-128
-112
-96
-81
-67
-54
-46
-41
-35
-25
-15
-4
7
18
27
36
46
56
65
74
82
88
95
104
111
118
122
123
121
116
112
107
101
95
90
84
80
74
70
68
67
65
62
62
64
67
70
72
75
79
82
83
82
81
81
81
82
85
89
94
96
95
94
93
92
92
92
89
86
86
85
83
77
69
60
53
47
45
46
49
53
55
56
55
52
48
43
39
36
37
39
41
43
42
41
39
35
31
28
25
23
22
23
24
26
26
24
23
19
16
14
14
17
20
23
26
29
31
32
30
27
25
26
28
30
33
33
32
32
33
32
32
31
31
32
33
36
39
40
39
34
28
23
20
17
15
13
13
14
17
22
27
32
37
41
47
52
57
62
66
69
71
71
72
74
75
76
78
82
84
85
85
83
79
73
68
64
63
65
68
70
70
70
71
72
73
72
71
71
70
72
74
76
77
78
78
77
77
78
79
80
82
84
87
88
87
83
77
70
64
62
62
62
64
66
67
69
72
74
74
73
73
76
82
86
90
90
89
87
86
85
84
82
80
79
78
78
79
78
76
72
68
65
65
67
68
69
71
72
73
73
73
73
73
73
75
78
82
87
91
93
93
92
90
88
87
85
84
81
77
76
75
72
68
62
57
52
50
54
59
64
68
70
69
68
67
65
62
61
60
62
65
69
70
69
68
66
64
63
64
64
66
70
74
78
80
80
75
67
56
45
36
30
22
15
7
1
-3
-2
3
16
34
61
89
120
149
177
201
220
234
244
249
251
251
251
249
243
237
229
218
203
186
170
160
152
146
139
132
125
117
106
92
77
60
41
22
4
-11
-27
-43
-58
-73
-90
-105
-117
-129
-139
-149
-158
-164
-168
-171
-174
-176
-179
-181
-180
-174
-164
-153
-140
-127
-113
-100
-87
-74
-61
-47
-35
-20
-5
10
24
34
41
43
44
46
49
49
47
47
47
49
50
49
47
44
41
41
45
50
56
61
65
67
69
70
72
74
74
73
73
75
78
80
80
76
70
62
57
53
51
49
48
50
54
58
61
62
58
51
44
40
37
37
35
33
31
30
29
29
29
29
28
28
30
34
40
43
43
41
38
35
32
31
30
30
30
31
33
38
48
64
84
105
129
156
181
196
199
190
175
158
138
115
91
62
30
-1
-29
-50
-64
-69
-69
-67
-63
-58
-50
-39
-30
-25
-21
-21
-30
-47
-68
-85
-99
-108
-114
-113
-107
-96
-81
-63
-41
-18
6
29
53
75
99
129
171
228
296
369
433
478
479
380
123
-331
-994
-1819
-2713
-3571
-4332
-4952
-5418
-5716
-5842
-5807
-5629
-5338
-4966
-4533
-4055
-3542
-3011
-2466
-1911
-1354
-800
-251
260
745
1231
1704
2151
2562
2931
3262
3559
3828
4067
4277
4458
4606
4716
4780
4804
4795
4756
4689
4594
4470
4317
4147
3965
3772
3576
3387
3204
3028
2864
2714
2578
2457
2351
2254
2161
2063
1961
1854
1742
1624
1494
1355
1207
1051
885
712
536
358
180
6
-157
-305
-437
-553
-653
-736
-804
-862
-909
-947
-975
-999
-1019
-1038
-1052
-1060
-1063
-1064
-1066
-1069
-1072
-1073
-1072
-1066
-1057
-1045
-1028
-1008
-987
-967
-946
-926
-904
-882
-858
-832
-801
-767
-731
-693
-654
-616
-580
-548
-521
-499
-478
-457
-436
-414
-393
-374
-360
-349
-338
-328
-318
-310
-303
-294
-287
-279
-270
-261
-254
-250
-245
-238
-227
-213
-196
-179
-162
-144
-126
-110
-96
-84
-73
-64
-55
-47
-39
-31
-28
-27
-28
-31
-38
-46
-52
-58
-62
-65
-68
-68
-69
-69
-71
-75
-80
-83
-82
-77
-71
-64
-58
-53
-47
-42
-34
-24
-17
-10
-5
2
9
15
19
22
25
26
25
24
22
19
11
8
7
8
10
11
11
10
8
9
12
19
25
30
33
34
35
35
35
32
30
29
30
33
36
40
43
42
40
37
34
29
23
17
14
11
9
9
9
7
5
2
1
-1
0
3
6
8
9
10
11
11
9
8
10
14
21
28
34
37
40
42
42
39
35
31
25
22
22
23
23
23
22
21
19
18
20
21
23
25
26
26
26
26
25
24
24
26
29
33
39
46
52
54
55
53
51
49
48
46
46
46
46
45
44
41
37
34
34
36
39
43
47
48
49
52
55
58
59
57
52
50
50
53
57
63
67
71
72
71
67
64
61
58
55
54
53
53
51
48
44
41
39
41
46
52
57
61
64
65
66
67
68
68
69
74
81
86
90
92
91
91
90
89
89
89
89
88
90
93
95
95
93
89
86
84
84
85
88
93
97
101
106
110
115
119
123
125
127
130
134
138
140
140
141
143
145
150
154
159
163
167
170
170
167
161
154
148
143
141
141
146
152
157
162
166
171
176
179
180
180
179
179
183
188
194
198
199
198
196
195
195
195
195
194
195
199
199
197
196
193
188
183
179
180
183
189
193
198
201
204
205
204
205
209
216
225
235
245
253
257
260
263
265
267
270
275
279
286
295
303
308
311
311
310
311
315
321
328
332
335
335
335
336
337
337
333
326
317
307
295
282
264
244
220
188
152
109
63
16
-32
-83
-136
-193
-253
-318
-386
-456
-525
-593
-660
-724
-786
-848
-912
-974
-1035
-1094
-1150
-1204
-1256
-1304
-1348
-1387
-1423
-1457
-1490
-1514
-1529
-1544
-1560
-1574
-1586
-1594
-1598
-1599
-1593
-1580
-1561
-1539
-1515
-1487
-1455
-1416
-1372
-1326
-1277
-1224
-1173
-1122
-1074
-1026
-980
-934
-886
-837
-788
-738
-692
-649
-610
-577
-546
-516
-488
-462
-437
-413
-390
-367
-345
-327
-310
-293
-278
-261
-241
-216
-190
-166
-142
-120
-101
-83
-66
-51
-36
-21
-5
12
29
44
59
69
77
80
82
83
83
82
78
73
67
62
55
46
35
22
11
6
5
8
12
19
27
35
44
53
61
68
72
76
79
83
88
90
88
87
86
83
81
79
78
77
76
72
69
66
62
58
52
44
39
36
36
38
39
41
43
45
48
49
50
51
52
54
55
57
58
57
56
54
53
51
47
44
39
35
32
31
29
23
17
12
6
4
4
8
14
19
21
22
23
23
20
16
13
12
12
16
21
26
30
31
28
24
19
16
14
13
12
12
12
15
16
14
10
7
4
4
6
9
12
15
17
19
21
22
23
22
18
15
15
18
25
30
32
33
33
33
33
35
38
42
45
49
51
51
49
46
41
35
31
28
29
32
35
38
42
47
52
55
57
60
63
66
71
77
82
85
87
88
86
84
82
79
77
75
74
73
71
68
65
63
63
63
65
69
74
78
81
80
78
76
76
77
77
78
79
82
87
91
92
91
91
90
88
88
89
90
91
93
96
97
96
94
89
82
78
76
75
75
75
76
76
77
77
77
75
74
73
73
76
82
90
95
99
101
102
99
96
94
92
91
88
87
88
88
86
82
77
72
70
72
76
82
86
88
89
87
84
80
75
71
68
68
70
73
78
80
80
78
75
72
68
62
54
48
45
46
47
48
48
46
44
44
47
53
61
68
74
78
81
77
70
59
47
34
23
14
10
10
14
23
37
52
72
95
120
147
174
198
218
233
241
245
245
241
234
228
223
219
214
210
206
201
192
183
173
163
155
147
140
134
128
118
104
86
63
39
17
-2
-19
-37
-53
-68
-82
-96
-111
-126
-140
-151
-159
-164
-168
-170
-170
-171
-170
-167
-163
-156
-148
-138
-127
-114
-100
-84
-68
-56
-46
-36
-26
-16
-8
-1
4
9
16
24
31
36
39
37
36
33
32
34
37
42
48
54
59
64
69
72
74
75
77
80
85
89
90
86
82
77
74
73
74
73
73
73
74
75
75
72
66
58
49
39
33
31
30
31
33
36
40
44
49
56
61
65
68
71
71
70
68
66
64
62
60
56
53
49
46
43
41
41
36
27
16
3
-9
-13
-10
2
24
52
84
115
145
176
202
216
218
209
195
179
162
142
115
80
39
-3
-41
-70
-89
-99
-100
-97
-91
-83
-72
-59
-49
-42
-36
-36
-44
-56
-65
-71
-74
-75
-71
-66
-58
-49
-36
-22
-4
13
29
43
55
68
86
113
162
232
319
407
482
523
481
288
-106
-720
-1518
-2408
-3272
-4026
-4626
-5065
-5340
-5451
-5409
-5236
-4960
-4614
-4214
-3775
-3303
-2810
-2304
-1790
-1272
-758
-249
255
747
1218
1667
2089
2476
2829
3146
3434
3696
3932
4142
4327
4487
4615
4704
4752
4766
4749
4701
4618
4503
4358
4191
4006
3812
3617
3424
3235
3052
2875
2702
2538
2392
2263
2145
2036
1928
1820
1708
1593
1475
1346
1204
1053
894
728
560
390
223
58
-100
-247
-383
-506
-617
-716
-803
-878
-938
-988
-1027
-1058
-1084
-1107
-1127
-1146
-1163
-1177
-1190
-1202
-1210
-1213
-1210
-1202
-1191
-1179
-1165
-1148
-1127
-1098
-1064
-1026
-984
-940
-895
-849
-804
-760
-722
-687
-655
-623
-591
-561
-533
-506
-483
-466
-454
-446
-439
-433
-427
-420
-413
-406
-398
-389
-380
-371
-361
-350
-337
-319
-295
-268
-241
-214
-189
-166
-145
-124
-106
-88
-73
-60
-47
-33
-20
-15
-17
-22
-29
-39
-50
-61
-71
-79
-86
-92
-97
-102
-109
-116
-120
-119
-113
-104
-92
-81
-70
-59
-48
-37
-27
-19
-12
-5
1
7
16
24
32
39
40
37
32
25
16
6
-2
-11
-19
-27
-36
-43
-51
-58
-61
-63
-61
-56
-50
-41
-30
-18
-7
3
12
20
27
35
41
50
58
61
60
56
51
46
41
36
30
24
19
15
13
10
5
-1
-8
-13
-15
-14
-10
-5
-1
2
5
8
10
11
14
19
25
33
42
51
58
62
64
59
54
48
44
41
39
38
38
35
31
26
20
14
8
7
8
11
14
18
23
26
30
33
37
41
43
46
50
56
62
68
71
71
69
66
61
56
52
50
48
46
44
42
38
36
32
27
22
20
21
25
29
32
34
37
41
44
47
49
51
55
62
72
82
87
89
89
88
87
88
87
83
79
74
69
65
60
55
50
44
38
33
31
33
36
39
43
49
55
60
66
70
73
73
74
79
85
89
90
90
89
89
89
91
95
98
101
103
106
108
107
104
100
96
93
91
91
92
90
89
93
99
106
113
119
124
127
128
131
137
144
149
153
153
153
153
152
151
151
152
153
155
158
159
158
154
150
147
148
150
153
158
160
160
160
161
162
162
162
164
166
169
173
177
181
184
185
185
187
189
190
190
189
190
191
191
190
187
184
181
178
174
172
171
173
175
175
176
177
180
183
186
188
190
195
203
214
223
229
233
237
240
243
247
252
256
263
270
277
287
295
301
303
304
305
310
315
322
329
335
340
342
343
346
349
350
350
348
344
342
340
334
325
310
292
269
244
218
192
161
126
88
48
4
-45
-99
-157
-216
-274
-332
-391
-454
-518
-582
-647
-712
-777
-838
-902
-965
-1023
-1078
-1132
-1182
-1232
-1283
-1331
-1376
-1419
-1459
-1496
-1529
-1558
-1577
-1589
-1602
-1613
-1621
-1627
-1629
-1625
-1617
-1601
-1577
-1547
-1513
-1477
-1439
-1399
-1358
-1314
-1269
-1220
-1169
-1115
-1060
-1004
-949
-896
-846
-797
-751
-709
-670
-634
-601
-570
-540
-512
-484
-460
-437
-417
-398
-380
-363
-343
-320
-296
-271
-246
-220
-195
-169
-145
-122
-101
-80
-61
-42
-24
-9
4
16
28
39
49
54
57
58
60
60
59
55
50
43
35
28
24
22
21
19
19
19
18
19
19
21
21
20
22
28
37
44
48
51
55
57
60
61
60
57
54
51
47
45
42
38
34
30
23
18
17
19
22
26
30
32
35
36
35
33
31
31
33
36
39
41
41
40
38
35
34
30
24
19
17
17
17
17
15
10
5
-1
-6
-8
-10
-9
-6
-2
2
6
10
14
18
23
28
33
37
44
52
62
67
69
71
74
75
75
74
74
75
75
76
76
74
70
65
61
61
62
63
64
65
66
65
65
67
68
69
71
74
77
82
87
94
97
99
97
91
84
78
73
69
67
66
67
68
68
66
63
61
64
70
75
80
86
91
94
96
97
97
97
96
96
99
103
109
116
123
126
124
120
117
112
108
105
104
103
102
100
98
94
90
86
83
80
80
80
81
83
84
84
84
83
81
79
77
79
82
87
96
105
111
113
114
115
116
116
116
114
113
109
106
104
102
99
94
90
89
88
87
90
95
98
98
97
96
91
86
82
80
83
86
91
95
96
94
91
87
85
82
80
78
80
81
82
82
80
76
71
67
67
70
74
78
81
83
84
83
82
81
80
80
80
82
85
90
93
95
96
95
95
94
94
94
94
94
93
92
90
86
79
70
63
58
56
57
60
64
68
70
71
73
73
72
71
70
72
76
81
87
91
92
90
86
81
77
72
67
61
54
45
34
23
11
-1
-9
-10
-1
18
43
72
104
136
165
190
212
228
240
249
255
260
264
265
263
256
245
230
212
194
177
160
144
130
116
103
89
73
55
35
14
-7
-25
-42
-57
-72
-85
-97
-107
-115
-123
-132
-141
-149
-155
-157
-155
-151
-148
-145
-141
-136
-133
-129
-124
-116
-107
-97
-87
-78
-67
-58
-50
-43
-34
-24
-13
-2
9
19
27
38
48
59
65
69
70
73
75
78
82
84
85
84
82
84
84
81
78
76
78
82
85
87
87
85
80
75
73
72
71
69
67
65
65
64
62
60
59
58
60
63
65
68
70
70
69
67
64
60
56
53
51
50
49
48
47
43
37
30
25
23
25
28
32
33
33
33
32
31
28
24
22
21
23
24
27
28
28
27
28
33
45
65
90
117
146
173
196
211
213
203
184
161
137
111
83
54
23
-6
-35
-61
-82
-95
-102
-103
-97
-80
-57
-31
-7
5
6
-5
-22
-39
-51
-61
-71
-80
-88
-92
-94
-94
-100
-116
-149
-192
-238
-280
-307
-298
-230
-86
135
415
717
1012
1271
1429
1416
1190
753
147
-551
-1263
-1933
-2525
-3021
-3412
-3696
-3880
-3972
-3981
-3920
-3793
-3607
-3368
-3084
-2781
-2455
-2073
-1647
-1190
-742
-300
161
626
1085
1526
1921
2275
2618
2948
3262
3552
3814
4042
4229
4365
4449
4489
4489
4454
4382
4275
4134
3964
3775
3575
3373
3172
2974
2781
2598
2429
2278
2141
2014
1895
1783
1672
1560
1446
1327
1201
1068
926
779
628
472
312
147
-21
-186
-344
-491
-628
-752
-864
-962
-1048
-1120
-1179
-1228
-1266
-1291
-1309
-1319
-1323
-1322
-1320
-1313
-1302
-1290
-1274
-1255
-1236
-1217
-1196
-1170
-1141
-1107
-1071
-1034
-1000
-971
-943
-915
-885
-857
-827
-797
-767
-740
-713
-688
-666
-645
-625
-605
-584
-561
-534
-506
-479
-455
-431
-407
-384
-363
-343
-323
-303
-285
-264
-242
-222
-206
-194
-184
-176
-170
-161
-153
-143
-134
-124
-115
-108
-102
-99
-98
-98
-97
-95
-90
-83
-76
-71
-67
-65
-64
-62
-60
-57
-52
-45
-35
-26
-18
-12
-8
-6
-6
-5
-3
-2
-1
-1
0
1
0
-2
-8
-16
-23
-28
-28
-24
-18
-12
-6
-2
2
6
8
10
10
10
11
17
24
31
36
39
40
38
34
30
26
25
25
25
25
26
26
23
19
15
10
5
2
3
6
9
11
12
12
11
10
9
8
9
12
16
23
30
34
36
37
37
36
35
34
33
31
28
25
20
15
10
3
-4
-6
-4
1
5
10
14
18
23
28
32
35
36
37
38
42
46
51
54
56
57
56
56
54
53
51
50
50
50
49
47
43
39
35
34
36
40
46
52
55
58
59
57
55
54
52
52
52
55
60
62
65
66
67
64
60
57
56
55
54
54
55
56
56
54
49
44
39
37
38
40
43
47
51
55
58
61
64
65
64
63
63
66
70
75
77
76
74
72
71
71
71
71
71
73
74
75
76
74
72
70
71
73
77
80
83
84
86
89
94
98
102
103
103
103
107
111
116
119
120
120
120
120
121
120
117
115
116
118
119
119
118
114
110
106
106
108
111
114
120
127
134
139
144
148
151
154
158
164
171
176
180
182
184
186
187
187
185
184
182
179
176
173
173
173
171
167
163
160
160
162
166
169
169
169
171
173
176
178
178
177
180
185
190
192
191
188
183
176
169
165
164
165
168
172
177
181
183
187
191
196
200
205
210
218
227
233
236
239
242
245
250
256
263
270
280
292
306
319
328
336
343
348
352
354
357
358
357
354
350
347
340
329
313
293
278
264
249
233
213
192
166
138
107
75
40
0
-44
-88
-129
-167
-206
-255
-312
-376
-445
-518
-593
-669
-744
-818
-890
-953
-1011
-1073
-1137
-1202
-1263
-1319
-1369
-1414
-1456
-1491
-1523
-1551
-1574
-1592
-1604
-1613
-1620
-1621
-1618
-1604
-1581
-1557
-1532
-1509
-1485
-1458
-1430
-1398
-1363
-1327
-1289
-1249
-1207
-1166
-1127
-1091
-1055
-1018
-977
-931
-883
-834
-785
-736
-689
-643
-599
-558
-521
-487
-454
-420
-386
-352
-319
-287
-258
-234
-214
-197
-180
-164
-150
-136
-123
-111
-101
-90
-79
-69
-60
-50
-37
-22
-7
7
20
32
41
47
55
61
65
68
72
76
81
89
94
95
94
92
88
84
81
77
72
68
65
61
58
55
51
44
40
37
36
39
42
46
49
51
52
52
53
53
53
54
57
61
65
68
68
68
65
62
59
56
54
52
49
46
43
39
34
27
17
8
2
-1
-2
-1
0
3
4
7
10
11
13
15
17
20
24
29
31
31
29
26
24
23
23
25
29
33
38
43
47
49
48
44
39
36
35
37
41
47
52
57
63
68
72
74
77
79
83
88
93
95
96
94
89
83
78
73
69
67
65
65
65
67
68
69
66
62
59
58
59
60
63
65
67
70
71
73
73
72
72
73
77
83
90
97
101
104
103
99
96
93
90
88
88
89
90
91
91
91
89
86
85
85
88
91
93
95
94
95
97
99
101
103
104
104
107
112
117
124
128
126
122
117
112
107
104
102
100
99
98
96
94
89
84
83
83
86
91
96
100
103
103
102
99
95
91
87
86
88
93
100
104
102
99
96
95
96
96
96
95
95
96
96
93
88
82
77
74
74
75
80
86
90
91
92
92
90
88
85
82
81
83
88
94
98
99
99
98
96
93
91
90
88
86
84
84
84
83
81
76
70
65
61
60
62
65
68
71
74
77
78
78
76
75
73
73
74
74
74
73
72
70
67
66
63
63
62
61
61
64
65
62
57
51
47
46
45
45
45
44
41
35
27
20
14
8
5
4
7
15
33
57
83
108
133
158
184
207
225
239
247
253
256
255
250
241
229
216
203
191
184
178
171
166
160
153
144
135
126
116
105
94
83
74
63
52
37
19
-2
-21
-38
-53
-66
-77
-86
-94
-100
-110
-123
-136
-147
-156
-160
-159
-156
-151
-144
-134
-124
-114
-104
-95
-86
-76
-65
-52
-38
-24
-14
-7
-2
0
3
8
12
16
20
25
31
35
39
42
44
42
40
41
44
50
56
62
66
69
72
74
77
79
81
84
87
92
96
99
98
93
87
81
76
72
68
64
61
60
60
59
56
49
41
34
30
29
28
26
26
25
25
26
27
28
30
33
38
44
52
62
67
67
64
60
54
46
40
34
29
25
22
20
18
14
7
-2
-10
-14
-11
3
26
55
87
123
161
191
210
217
212
201
186
170
153
131
103
70
31
-9
-45
-73
-92
-103
-106
-100
-86
-67
-49
-37
-33
-35
-41
-54
-68
-78
-84
-89
-93
-96
-97
-97
-96
-99
-109
-129
-162
-202
-241
-275
-295
-275
-188
-21
224
519
830
1134
1379
1488
1403
1101
599
-42
-736
-1413
-2030
-2558
-2991
-3322
-3550
-3687
-3745
-3733
-3659
-3524
-3334
-3095
-2810
-2486
-2122
-1725
-1303
-864
-417
28
464
889
1301
1694
2061
2401
2719
2988
3224
3455
3670
3860
4012
4121
4190
4227
4228
4195
4126
4019
3880
3718
3544
3365
3185
3006
2831
2664
2506
2357
2216
2083
1958
1836
1714
1591
1466
1337
1203
1065
924
774
616
452
286
116
-52
-213
-366
-509
-641
-759
-863
-953
-1028
-1091
-1142
-1183
-1212
-1229
-1237
-1236
-1233
-1228
-1222
-1217
-1214
-1211
-1207
-1202
-1193
-1182
-1169
-1154
-1138
-1120
-1103
-1085
-1065
-1042
-1014
-983
-950
-914
-876
-838
-799
-760
-720
-683
-650
-618
-586
-554
-523
-490
-460
-435
-415
-399
-388
-378
-369
-362
-356
-347
-337
-326
-314
-302
-293
-287
-279
-268
-255
-236
-214
-192
-169
-147
-126
-106
-90
-77
-65
-55
-45
-35
-25
-16
-10
-8
-10
-14
-18
-23
-29
-34
-39
-43
-47
-49
-52
-59
-65
-73
-79
-83
-82
-77
-71
-64
-58
-50
-42
-36
-32
-26
-20
-13
-3
8
18
25
29
27
23
18
13
8
3
-3
-6
-5
-4
-3
-4
-7
-12
-16
-17
-16
-11
-5
0
4
7
11
14
16
17
19
23
27
32
38
44
48
49
46
42
37
34
30
27
24
20
18
15
11
5
0
-5
-6
-6
-4
-2
1
4
6
9
11
13
16
16
18
23
30
38
45
50
54
57
56
53
50
48
45
43
40
39
37
33
29
25
21
17
18
20
23
27
30
32
36
40
43
45
47
49
52
57
62
67
72
75
75
72
70
68
68
65
64
66
67
67
65
62
55
46
40
37
36
38
40
42
44
46
47
50
50
50
52
54
57
62
70
74
76
77
77
76
74
72
69
67
65
65
67
67
67
66
63
61
57
55
58
62
65
68
71
72
72
72
71
71
72
75
78
82
86
90
93
96
96
96
97
98
99
102
106
109
111
113
113
111
107
104
103
104
105
106
108
112
115
117
119
124
126
125
123
125
129
134
140
144
146
146
146
148
151
153
156
157
158
157
154
150
147
144
141
141
143
145
148
152
155
156
158
159
161
161
162
164
168
172
178
183
186
187
185
182
177
173
172
171
171
171
171
169
165
161
157
152
147
146
149
155
163
169
175
178
184
190
196
200
205
211
218
226
234
240
243
245
246
248
249
252
256
260
263
266
272
279
284
288
292
298
304
312
320
325
328
331
335
336
334
329
324
318
312
306
301
295
285
273
254
230
203
175
144
111
74
33
-11
-60
-111
-167
-228
-293
-361
-429
-494
-557
-619
-682
-744
-806
-870
-935
-998
-1059
-1116
-1170
-1219
-1264
-1306
-1344
-1382
-1417
-1450
-1480
-1506
-1529
-1549
-1566
-1580
-1590
-1594
-1592
-1586
-1576
-1564
-1548
-1527
-1499
-1466
-1431
-1391
-1349
-1304
-1258
-1211
-1160
-1112
-1066
-1016
-963
-910
-858
-806
-755
-705
-660
-620
-580
-542
-507
-474
-445
-419
-396
-376
-357
-341
-328
-314
-297
-277
-253
-228
-204
-180
-156
-136
-116
-96
-76
-56
-36
-16
5
22
37
52
65
74
80
83
87
90
92
93
95
97
95
92
87
82
76
72
70
71
75
78
79
81
83
86
88
89
89
90
92
95
98
102
105
105
104
102
97
92
88
85
82
80
78
77
75
71
65
60
54
49
47
45
44
44
47
50
53
56
57
56
56
56
57
60
63
63
62
58
52
46
38
31
25
19
13
8
5
4
0
-5
-11
-18
-23
-26
-25
-21
-16
-9
-3
2
7
11
14
17
22
28
35
42
48
51
52
51
49
49
48
46
44
41
42
45
48
50
50
47
42
38
34
33
34
33
33
34
36
38
41
44
47
50
52
56
62
69
76
81
83
83
81
79
77
75
74
74
74
75
75
74
73
71
70
70
71
72
74
76
78
79
80
83
81
78
76
77
79
83
90
97
101
103
104
103
100
98
96
95
96
96
97
98
97
94
91
87
82
79
80
83
86
88
88
87
87
87
85
84
83
82
84
88
92
97
100
102
103
102
102
101
100
98
97
97
96
96
93
86
79
73
70
69
73
78
84
88
91
93
95
95
92
90
89
90
92
95
98
100
99
96
93
89
86
84
83
83
86
93
100
103
102
99
95
93
92
93
95
97
98
99
98
97
97
97
98
99
103
107
114
119
119
115
110
104
97
90
85
79
74
70
66
62
58
53
47
43
41
40
43
48
54
58
62
64
63
59
52
45
38
32
27
21
16
14
14
18
26
40
60
85
111
137
160
181
200
214
222
226
225
222
219
217
216
211
206
199
193
186
178
169
162
156
150
145
140
135
128
119
105
86
65
46
28
12
-3
-19
-35
-50
-65
-80
-95
-110
-124
-135
-142
-145
-144
-142
-142
-142
-139
-136
-133
-130
-127
-121
-111
-98
-83
-68
-56
-47
-39
-33
-25
-17
-10
-3
3
9
15
21
24
25
23
21
19
19
20
24
29
35
39
43
47
51
57
61
65
70
76
83
91
94
96
95
92
88
83
78
72
67
63
58
56
53
48
41
33
27
25
25
25
23
24
26
29
30
32
35
39
43
48
55
61
66
70
72
69
62
56
51
46
41
36
33
34
35
35
32
28
21
12
2
-8
-14
-14
-10
-3
10
29
53
80
108
138
170
198
218
229
228
217
199
177
152
121
84
42
-1
-42
-76
-101
-117
-125
-128
-125
-116
-101
-84
-69
-55
-45
-42
-46
-55
-62
-66
-68
-70
-71
-69
-63
-55
-46
-42
-48
-70
-104
-143
-180
-208
-209
-156
-37
151
388
643
891
1088
1159
1043
717
197
-453
-1139
-1793
-2375
-2863
-3253
-3538
-3720
-3811
-3819
-3757
-3633
-3451
-3220
-2945
-2633
-2290
-1918
-1521
-1106
-676
-236
202
631
1050
1451
1827
2154
2441
2722
2996
3255
3497
3719
3913
4070
4181
4249
4282
4281
4247
4178
4072
3934
3775
3605
3430
3254
3077
2898
2723
2554
2396
2250
2113
1981
1855
1732
1609
1486
1361
1232
1094
949
799
646
492
335
178
24
-128
-277
-417
-547
-666
-775
-871
-955
-1024
-1078
-1120
-1152
-1176
-1195
-1209
-1220
-1226
-1230
-1230
-1228
-1224
-1219
-1214
-1208
-1200
-1191
-1179
-1165
-1145
-1120
-1089
-1052
-1010
-968
-925
-883
-840
-799
-761
-724
-687
-652
-619
-589
-562
-537
-516
-499
-486
-476
-467
-457
-446
-435
-423
-411
-401
-392
-385
-377
-370
-360
-346
-327
-307
-286
-265
-243
-221
-199
-178
-157
-138
-118
-99
-78
-59
-42
-29
-22
-22
-25
-30
-37
-44
-52
-60
-67
-73
-78
-83
-88
-93
-98
-100
-100
-97
-91
-85
-77
-70
-63
-56
-50
-43
-37
-29
-20
-10
1
9
16
19
19
15
9
2
-3
-7
-9
-11
-14
-17
-21
-25
-28
-31
-32
-32
-30
-25
-20
-15
-9
-4
0
4
7
9
12
17
22
30
40
46
47
46
45
43
40
35
30
25
21
17
14
11
6
0
-7
-13
-16
-18
-17
-14
-12
-9
-3
1
4
8
13
18
23
27
32
39
46
51
52
51
49
48
48
47
45
44
43
40
37
33
27
21
16
12
10
12
13
16
20
24
28
31
33
32
32
33
36
42
48
54
59
62
63
61
59
58
59
60
62
63
63
63
61
58
53
46
40
36
34
34
35
37
40
45
48
51
53
55
56
57
59
64
72
77
81
82
80
76
73
73
74
75
75
76
77
76
74
71
66
60
56
55
55
55
56
56
55
56
58
60
62
62
64
68
73
80
86
91
93
94
95
95
96
97
97
97
98
100
103
104
105
104
101
99
99
102
106
110
111
112
112
111
113
115
116
116
119
124
131
137
142
146
147
148
148
147
145
142
139
136
135
134
130
126
123
120
119
121
124
127
128
130
135
140
143
148
152
156
160
165
170
174
179
184
186
186
183
180
176
173
171
169
168
169
171
173
173
172
170
168
167
168
173
179
185
189
192
196
197
196
193
189
187
191
197
205
211
216
218
217
215
213
213
214
214
215
219
225
232
240
245
247
247
249
253
259
263
269
276
284
290
295
300
306
310
313
316
321
328
333
335
334
329
320
307
292
273
251
224
195
163
128
90
46
1
-49
-101
-154
-206
-260
-316
-374
-433
-496
-560
-625
-687
-747
-806
-866
-926
-984
-1032
-1072
-1116
-1165
-1215
-1264
-1311
-1355
-1398
-1439
-1475
-1508
-1537
-1561
-1581
-1597
-1609
-1616
-1617
-1611
-1596
-1573
-1545
-1512
-1476
-1437
-1397
-1357
-1314
-1270
-1225
-1176
-1123
-1067
-1011
-957
-906
-859
-814
-770
-727
-687
-651
-615
-581
-547
-513
-484
-458
-435
-415
-394
-372
-349
-323
-297
-271
-246
-222
-197
-174
-153
-133
-113
-92
-69
-46
-23
-4
10
22
31
39
44
48
56
61
66
69
72
73
71
68
65
63
64
67
70
73
74
75
74
74
74
76
79
82
87
92
98
106
113
119
124
125
124
121
119
116
112
109
108
107
104
101
97
90
82
76
74
74
75
75
75
77
81
85
87
87
85
83
83
85
88
90
90
89
84
77
70
64
57
50
46
42
41
39
37
34
32
26
19
16
14
13
11
11
13
16
18
20
20
22
25
29
34
40
49
56
58
57
54
49
41
35
30
27
26
25
27
29
28
25
19
14
11
11
12
14
16
20
22
24
25
26
27
28
30
33
38
42
45
46
45
45
46
49
51
53
55
58
58
60
61
61
60
57
54
51
50
52
53
55
57
57
58
60
61
62
63
64
67
72
79
82
82
80
77
74
70
67
65
63
64
65
67
72
76
77
73
68
64
62
62
65
70
74
79
82
84
84
83
83
83
83
85
88
93
95
95
93
90
87
86
87
88
89
90
91
92
90
86
81
74
67
63
64
65
66
67
68
69
69
70
70
71
72
74
77
82
86
88
86
84
82
79
76
73
75
77
78
80
81
81
79
76
71
63
60
59
61
63
65
67
68
68
69
69
69
70
71
73
75
80
86
89
90
88
85
83
81
79
79
79
79
80
82
81
75
67
58
53
48
44
42
41
40
41
43
45
48
53
57
60
63
68
72
75
78
79
79
75
68
60
53
44
34
25
17
9
2
-6
-11
-9
-1
14
38
68
103
135
164
187
207
224
235
244
249
253
255
254
252
249
243
232
220
207
195
185
175
166
156
145
133
120
106
88
66
42
20
3
-13
-29
-43
-57
-72
-85
-97
-108
-119
-128
-134
-137
-139
-141
-141
-143
-146
-150
-153
-154
-151
-146
-138
-128
-118
-107
-96
-85
-76
-69
-64
-56
-46
-36
-26
-16
-7
1
7
11
14
16
18
20
23
30
40
50
59
66
72
74
77
78
77
75
72
72
74
77
79
77
73
68
62
59
58
58
59
59
58
56
54
52
49
47
46
43
44
48
53
57
58
57
56
53
47
42
39
35
31
28
29
30
32
31
28
25
23
25
27
31
33
33
32
31
30
29
27
26
26
27
29
31
34
42
53
72
95
119
144
169
193
209
214
208
192
171
146
116
85
53
20
-12
-43
-70
-89
-99
-102
-101
-96
-87
-75
-60
-42
-25
-8
4
6
-1
-16
-35
-52
-65
-73
-77
-79
-78
-75
-70
-62
-52
-44
-39
-33
-28
-19
-7
8
31
83
154
229
298
337
298
119
-248
-819
-1567
-2404
-3221
-3944
-4534
-4983
-5292
-5431
-5414
-5263
-5003
-4668
-4276
-3860
-3423
-2949
-2451
-1937
-1412
-882
-352
178
696
1193
1665
2083
2457
2809
3135
3436
3714
3968
4195
4397
4567
4700
4786
4824
4826
4794
4731
4637
4511
4356
4177
3984
3786
3587
3388
3190
2996
2815
2646
2495
2360
2240
2134
2033
1934
1835
1734
1629
1520
1404
1280
1147
1004
856
702
542
375
205
39
-117
-263
-400
-527
-642
-740
-823
-895
-954
-1005
-1046
-1080
-1108
-1130
-1147
-1158
-1165
-1168
-1166
-1162
-1155
-1144
-1130
-1112
-1087
-1057
-1026
-993
-958
-925
-894
-864
-835
-808
-783
-758
-736
-713
-691
-667
-643
-621
-602
-585
-571
-556
-540
-522
-505
-489
-472
-456
-439
-421
-404
-387
-370
-351
-330
-307
-283
-258
-233
-212
-194
-177
-162
-149
-136
-126
-117
-107
-99
-94
-90
-89
-91
-95
-101
-105
-106
-106
-105
-104
-104
-104
-103
-101
-98
-97
-94
-91
-89
-82
-73
-62
-53
-48
-44
-41
-39
-37
-34
-33
-32
-32
-32
-30
-29
-29
-30
-33
-35
-35
-32
-27
-23
-20
-18
-19
-21
-23
-25
-27
-29
-28
-23
-16
-6
5
14
21
25
29
29
29
29
29
29
28
28
27
25
22
20
15
11
10
11
14
17
19
21
23
24
23
22
21
20
21
22
26
32
35
35
32
30
31
30
30
30
30
30
29
28
24
20
14
9
5
4
5
6
7
7
7
10
14
18
21
23
25
27
30
33
37
39
40
41
41
41
41
40
40
39
40
40
39
36
34
30
25
21
21
24
27
29
30
31
33
34
35
36
36
35
37
41
44
49
50
49
46
42
39
36
36
38
40
42
46
51
54
54
50
44
39
37
36
38
40
41
41
44
47
50
50
50
52
54
57
62
69
73
75
75
75
75
75
74
73
71
69
68
68
69
68
65
62
59
58
59
62
66
69
72
74
77
80
84
87
90
93
96
100
106
112
115
114
114
113
112
112
112
112
112
114
118
120
121
121
123
123
119
114
116
122
131
140
146
151
155
157
160
161
162
163
164
165
166
168
170
170
170
170
170
170
168
168
168
169
170
174
176
175
170
164
156
149
147
150
153
158
163
170
176
181
184
188
191
196
202
208
213
219
219
215
210
206
203
201
197
192
187
186
185
184
183
181
182
185
192
201
210
220
229
236
241
244
248
253
260
266
274
280
288
299
311
322
330
337
341
345
350
354
357
358
358
354
347
339
330
320
311
301
292
281
269
255
236
215
191
162
130
93
51
7
-36
-79
-123
-168
-218
-274
-334
-398
-464
-526
-585
-650
-718
-787
-857
-929
-994
-1053
-1117
-1181
-1240
-1296
-1348
-1395
-1432
-1461
-1493
-1525
-1551
-1575
-1593
-1609
-1619
-1621
-1616
-1604
-1588
-1568
-1540
-1508
-1478
-1450
-1422
-1390
-1356
-1318
-1276
-1232
-1190
-1151
-1114
-1076
-1038
-998
-957
-912
-863
-814
-766
-720
-676
-632
-591
-553
-519
-486
-453
-420
-387
-354
-323
-295
-271
-248
-228
-208
-190
-172
-156
-139
-124
-108
-95
-86
-80
-75
-71
-64
-53
-39
-25
-11
1
12
23
33
43
52
60
67
75
83
91
97
98
97
95
91
87
84
83
83
83
83
83
84
84
80
74
67
62
58
59
63
66
69
73
75
78
81
83
82
83
85
89
93
98
100
100
97
95
93
90
86
82
77
73
72
68
62
54
45
37
32
30
29
29
30
30
30
29
29
29
27
25
24
26
29
34
39
41
43
43
41
38
34
29
25
21
17
13
10
8
6
2
-2
-7
-10
-9
-7
-3
-1
1
2
3
5
8
11
14
17
22
27
33
38
40
40
38
36
34
32
30
31
31
32
32
32
29
25
20
14
9
5
6
9
11
13
14
16
17
17
15
13
12
14
18
23
29
36
42
46
48
49
49
48
48
47
49
52
54
56
54
50
45
42
42
44
48
51
54
57
60
63
65
67
68
70
72
75
78
79
80
80
79
78
77
77
77
78
80
82
84
84
84
81
77
74
71
72
74
76
78
80
81
85
90
93
95
94
91
86
81
80
81
83
87
92
95
95
95
94
89
86
84
82
81
79
76
69
62
56
50
47
48
52
57
61
66
68
70
71
73
73
73
74
76
80
84
86
88
89
88
88
87
84
82
79
78
79
80
80
79
77
74
72
73
74
75
75
75
73
71
68
66
66
63
62
62
65
71
76
80
84
88
92
94
97
101
103
103
103
102
100
98
91
79
63
47
31
16
5
-4
-8
-9
-6
0
13
31
55
81
109
139
169
198
222
241
255
265
270
271
270
267
262
256
247
237
226
213
202
185
166
147
131
116
102
88
74
57
40
23
6
-14
-34
-55
-74
-88
-101
-111
-120
-131
-145
-158
-170
-179
-186
-191
-194
-195
-196
-194
-192
-188
-181
-173
-163
-148
-130
-112
-94
-77
-60
-42
-24
-9
2
12
21
29
38
47
55
62
67
68
67
63
58
55
54
53
53
54
55
56
55
52
48
45
44
45
47
50
51
52
53
55
56
56
55
55
57
62
70
76
81
82
82
79
75
69
64
60
57
55
54
51
47
44
41
39
35
33
32
34
37
43
47
49
50
50
50
48
46
43
42
44
48
53
57
57
55
50
44
37
31
27
28
35
52
75
103
130
156
177
195
207
211
206
194
178
156
132
105
73
34
-8
-48
-81
-101
-109
-108
-100
-91
-81
-68
-53
-41
-33
-27
-24
-25
-35
-48
-62
-73
-82
-91
-97
-102
-99
-87
-68
-44
-16
14
48
86
128
168
207
246
285
326
359
372
354
274
79
-282
-842
-1609
-2529
-3496
-4404
-5192
-5820
-6247
-6502
-6574
-6431
-6108
-5654
-5111
-4513
-3883
-3239
-2598
-1962
-1336
-726
-134
438
960
1438
1905
2353
2768
3143
3478
3775
4039
4276
4463
4611
4749
4863
4943
4983
4988
4965
4914
4833
4717
4569
4396
4210
4016
3819
3622
3427
3237
3056
2888
2732
2592
2467
2357
2257
2165
2073
1977
1873
1759
1635
1501
1356
1201
1039
870
695
518
341
165
-7
-170
-323
-463
-588
-696
-785
-858
-920
-970
-1012
-1046
-1070
-1087
-1102
-1116
-1127
-1133
-1135
-1132
-1127
-1117
-1107
-1097
-1086
-1074
-1058
-1038
-1016
-991
-963
-935
-909
-884
-858
-835
-813
-792
-768
-742
-714
-686
-658
-631
-606
-584
-562
-542
-522
-501
-480
-457
-433
-407
-384
-363
-343
-326
-312
-298
-283
-268
-252
-237
-225
-213
-201
-192
-183
-175
-168
-161
-153
-144
-132
-122
-113
-104
-97
-93
-89
-87
-86
-85
-82
-79
-75
-71
-67
-64
-62
-62
-61
-59
-57
-55
-54
-52
-48
-44
-39
-39
-43
-49
-54
-55
-55
-53
-50
-47
-44
-42
-39
-37
-35
-33
-31
-28
-23
-17
-9
-5
-3
-4
-6
-7
-8
-8
-8
-8
-6
-3
-1
2
5
4
1
-1
-1
3
8
14
18
21
23
25
26
25
23
22
21
23
26
32
38
41
40
37
35
33
32
31
29
27
25
25
25
24
21
16
10
4
1
2
4
6
8
11
13
16
18
20
21
22
24
26
31
40
45
43
39
33
27
22
21
22
24
25
27
30
30
29
26
22
18
16
18
22
26
30
33
35
37
38
39
39
39
40
41
43
45
46
47
45
43
39
36
33
31
31
33
34
37
39
40
37
33
28
24
23
26
30
34
37
40
42
42
43
44
44
45
48
55
62
69
74
77
78
77
76
74
74
74
74
73
73
72
69
67
64
61
58
57
58
60
62
65
68
72
77
80
84
88
90
95
102
110
117
119
118
114
110
106
104
103
102
101
101
103
107
112
114
114
112
109
111
114
118
121
125
127
131
134
136
139
140
141
144
150
157
165
170
173
173
172
170
169
170
169
168
167
167
168
169
168
165
163
161
159
162
167
173
178
180
179
179
182
185
187
187
188
189
192
196
201
205
207
206
203
201
199
197
195
192
190
189
189
190
188
189
188
187
190
196
206
217
226
232
234
236
239
242
245
250
256
263
270
279
287
294
299
304
308
313
318
321
326
330
334
336
336
336
335
333
331
329
329
329
328
326
322
314
303
291
277
258
235
210
184
158
131
100
64
23
-22
-71
-124
-179
-235
-296
-359
-422
-487
-553
-622
-694
-766
-837
-905
-971
-1033
-1092
-1148
-1203
-1256
-1307
-1356
-1404
-1446
-1487
-1525
-1557
-1582
-1602
-1618
-1631
-1642
-1649
-1651
-1647
-1638
-1625
-1607
-1586
-1561
-1530
-1496
-1457
-1415
-1371
-1328
-1286
-1241
-1194
-1145
-1095
-1044
-993
-945
-898
-853
-808
-767
-728
-687
-646
-604
-563
-525
-491
-462
-436
-411
-386
-361
-335
-309
-286
-265
-244
-223
-205
-191
-178
-168
-156
-141
-122
-101
-80
-61
-42
-27
-13
-2
7
16
26
37
48
59
67
72
74
73
69
65
62
61
59
57
55
52
48
41
33
23
16
12
11
14
18
21
24
26
27
28
27
27
29
33
38
46
54
61
64
65
64
61
58
55
52
48
46
45
46
46
46
43
39
34
29
25
25
26
28
30
31
30
30
29
28
26
26
27
30
36
39
39
35
31
28
25
22
19
17
16
17
19
20
20
18
12
6
1
0
1
4
7
10
13
15
18
21
21
22
24
29
36
43
54
60
62
63
61
58
55
53
52
53
54
55
56
55
54
51
46
44
44
46
51
56
60
64
66
69
72
74
76
75
75
76
81
86
93
98
99
98
96
93
91
87
83
80
77
75
73
73
71
68
65
63
63
65
69
75
80
84
87
89
91
91
91
90
91
93
97
102
107
110
112
111
108
105
104
103
103
103
102
101
100
97
93
88
85
85
87
91
94
98
99
100
100
101
101
99
97
95
95
97
101
103
104
103
100
98
97
96
97
97
95
94
95
96
95
93
89
85
84
84
87
91
94
96
98
100
102
103
103
103
102
102
103
105
108
109
107
106
103
101
99
97
97
97
98
97
95
92
88
82
76
71
70
71
74
77
79
80
81
82
83
84
84
84
85
89
95
102
108
109
105
93
81
69
57
46
40
38
40
48
60
77
98
121
142
161
182
203
222
237
247
255
258
258
256
250
240
228
215
205
195
185
174
161
145
129
113
98
82
68
56
43
27
9
-9
-29
-49
-72
-93
-112
-129
-143
-154
-163
-171
-177
-181
-181
-179
-176
-170
-162
-152
-138
-122
-105
-92
-80
-69
-58
-46
-35
-26
-17
-9
-1
6
12
17
20
22
25
30
36
41
45
49
54
58
61
64
67
70
75
81
89
96
102
104
103
102
99
95
91
87
84
83
81
80
81
79
76
70
63
57
54
54
55
55
57
57
56
55
54
56
57
58
60
64
68
73
77
77
74
68
61
55
53
50
48
46
47
48
49
47
42
36
29
25
24
26
29
33
37
37
39
40
40
35
31
27
27
32
44
64
88
113
138
167
195
216
225
222
209
192
172
149
123
89
48
6
-36
-75
-101
-117
-124
-125
-119
-105
-84
-62
-44
-32
-24
-19
-20
-28
-36
-44
-51
-59
-66
-70
-71
-68
-65
-63
-71
-91
-119
-147
-172
-188
-179
-122
-41
88
302
556
816
1045
1167
1111
840
358
-284
-1000
-1704
-2341
-2882
-3319
-3647
-3865
-3983
-4011
-3963
-3849
-3675
-3462
-3210
-2906
-2560
-2177
-1762
-1327
-880
-425
31
483
924
1352
1757
2137
2490
2817
3123
3405
3660
3889
4088
4252
4371
4444
4478
4477
4441
4367
4256
4108
3935
3746
3552
3357
3163
2972
2789
2615
2450
2296
2151
2016
1890
1770
1656
1545
1433
1316
1192
1059
920
776
626
469
308
146
-15
-170
-320
-461
-594
-714
-823
-919
-1002
-1071
-1128
-1176
-1215
-1244
-1265
-1280
-1291
-1301
-1309
-1313
-1311
-1300
-1283
-1263
-1242
-1220
-1197
-1169
-1140
-1110
-1078
-1045
-1008
-969
-931
-892
-851
-809
-773
-741
-712
-685
-661
-641
-622
-603
-584
-565
-548
-534
-523
-512
-502
-488
-470
-450
-429
-408
-388
-368
-347
-325
-303
-282
-263
-244
-223
-199
-176
-153
-134
-118
-106
-97
-89
-83
-79
-76
-72
-68
-65
-63
-65
-67
-70
-76
-79
-82
-85
-85
-81
-77
-73
-68
-62
-55
-50
-47
-42
-36
-29
-21
-13
-7
-4
-2
-2
-2
-2
-3
-3
-4
-4
-3
-4
-6
-9
-13
-19
-23
-25
-25
-23
-20
-16
-13
-10
-5
-2
1
2
2
3
7
13
21
26
29
31
31
30
28
27
26
28
28
28
28
28
25
20
13
7
4
3
5
9
12
13
15
18
21
21
18
16
16
18
23
30
36
40
40
38
35
31
28
26
25
25
26
27
27
27
25
20
15
11
7
7
9
10
12
17
22
27
33
37
39
43
46
49
51
52
53
53
53
52
50
50
48
48
47
48
48
49
50
48
45
40
35
37
38
37
37
38
39
40
41
42
44
46
49
52
57
62
66
69
69
67
64
61
59
57
55
54
54
56
56
55
53
50
45
41
39
43
50
58
64
68
71
74
76
77
79
80
81
82
87
93
97
98
96
94
90
85
81
79
79
80
81
86
90
93
92
87
82
78
76
78
82
86
91
93
95
98
100
102
103
104
107
111
116
121
125
126
126
125
124
124
124
125
125
127
129
128
125
124
122
120
119
121
127
129
131
135
139
145
150
153
155
156
157
160
164
169
174
177
179
180
178
175
173
170
168
168
168
169
169
172
174
171
166
161
159
159
162
165
170
174
178
179
178
176
174
173
172
175
180
186
193
197
199
201
203
205
210
215
218
218
216
218
220
222
224
224
224
227
234
242
252
265
278
287
295
301
309
319
328
338
349
358
366
375
382
385
385
382
378
372
364
355
344
331
317
301
282
259
231
199
165
130
96
60
23
-16
-59
-103
-147
-197
-253
-314
-373
-430
-491
-556
-622
-690
-758
-829
-899
-969
-1036
-1101
-1163
-1223
-1279
-1332
-1381
-1428
-1473
-1516
-1555
-1588
-1614
-1633
-1644
-1649
-1650
-1645
-1635
-1621
-1604
-1585
-1563
-1538
-1511
-1479
-1442
-1399
-1354
-1310
-1267
-1227
-1187
-1145
-1100
-1056
-1011
-966
-920
-875
-831
-790
-751
-714
-679
-644
-608
-570
-531
-493
-456
-422
-389
-357
-327
-300
-275
-249
-223
-195
-168
-142
-119
-98
-80
-66
-53
-41
-30
-18
-6
6
20
33
43
49
53
55
57
58
60
62
63
63
62
60
57
56
55
56
59
62
68
72
77
81
82
83
82
80
77
75
71
69
66
62
60
58
56
53
49
45
41
41
43
47
50
52
54
56
57
57
56
56
57
57
59
63
68
68
66
63
61
59
57
55
53
51
47
43
38
30
20
10
0
-5
-8
-8
-6
-4
-1
3
8
13
15
16
17
20
22
28
34
40
45
47
49
50
51
51
50
46
44
45
46
47
49
50
49
48
47
47
47
49
54
58
64
69
72
74
75
75
74
75
77
81
84
89
93
96
97
95
90
85
80
74
71
68
66
64
61
58
56
55
59
63
67
70
72
76
78
77
76
75
75
76
78
83
89
96
101
104
105
105
104
102
101
97
94
92
91
91
90
89
86
82
78
77
78
80
83
86
88
89
92
94
95
94
92
92
92
95
100
107
113
116
117
116
115
114
113
111
111
113
116
116
115
112
107
100
94
91
91
91
90
90
91
91
92
92
92
92
91
91
90
91
94
94
94
91
88
84
81
80
79
79
80
81
84
86
85
81
75
71
70
73
75
77
77
76
77
79
81
80
80
80
82
85
90
97
102
102
100
97
94
91
88
84
79
75
74
75
77
77
73
68
64
62
62
64
66
67
66
66
69
72
75
79
81
83
87
91
95
97
97
95
92
89
85
82
80
78
78
78
78
78
78
77
74
70
61
57
54
53
52
52
52
51
46
41
35
26
16
8
4
5
13
24
39
59
85
114
143
168
190
208
221
231
236
241
241
237
230
219
207
196
185
176
165
153
141
129
117
105
91
78
68
60
55
50
45
34
19
-1
-23
-45
-67
-87
-104
-120
-137
-151
-164
-174
-185
-195
-202
-206
-205
-199
-191
-179
-167
-156
-143
-128
-111
-93
-76
-58
-41
-24
-6
11
23
33
40
45
48
51
52
53
54
56
58
59
57
53
46
38
32
27
27
30
35
40
45
50
56
61
64
65
67
70
74
83
91
94
92
90
88
85
81
77
74
71
70
70
69
65
60
53
43
35
30
30
34
39
43
50
53
54
54
53
53
53
52
51
53
58
63
64
63
60
54
46
39
33
28
26
24
23
21
18
11
4
-5
-12
-17
-19
-14
-4
14
38
66
97
130
163
193
218
234
233
224
209
189
161
128
93
56
13
-29
-68
-99
-117
-126
-125
-115
-101
-85
-70
-58
-53
-49
-52
-60
-69
-75
-79
-82
-83
-81
-80
-76
-70
-65
-65
-76
-103
-137
-174
-207
-224
-203
-121
35
262
531
810
1074
1272
1323
1176
916
500
-107
-792
-1471
-2092
-2624
-3055
-3387
-3618
-3747
-3786
-3750
-3646
-3481
-3262
-2996
-2692
-2353
-1984
-1590
-1176
-749
-314
121
549
965
1365
1745
2101
2432
2739
3023
3285
3522
3734
3917
4061
4161
4219
4243
4233
4191
4113
3998
3855
3691
3517
3339
3164
2993
2825
2659
2499
2347
2204
2067
1936
1810
1686
1563
1438
1312
1183
1047
904
754
598
439
278
119
-40
-196
-346
-488
-616
-734
-840
-933
-1013
-1081
-1137
-1177
-1205
-1222
-1232
-1237
-1241
-1244
-1245
-1245
-1242
-1235
-1226
-1216
-1205
-1193
-1181
-1171
-1160
-1146
-1128
-1106
-1078
-1044
-1006
-964
-920
-875
-831
-790
-751
-712
-674
-637
-601
-567
-532
-500
-474
-454
-439
-428
-419
-412
-405
-399
-392
-385
-377
-368
-359
-350
-341
-332
-321
-308
-291
-273
-252
-232
-209
-185
-163
-143
-123
-107
-95
-83
-71
-60
-49
-40
-35
-32
-33
-36
-40
-44
-47
-50
-52
-55
-59
-64
-69
-75
-81
-86
-86
-82
-77
-69
-59
-51
-44
-37
-31
-24
-19
-15
-10
-4
4
12
16
15
14
11
8
5
0
-7
-13
-16
-17
-17
-18
-20
-24
-30
-35
-34
-30
-24
-17
-10
-2
4
9
13
16
19
22
26
32
39
46
52
57
58
55
52
47
43
38
33
26
21
15
9
4
-3
-10
-17
-23
-26
-25
-20
-14
-8
-4
0
3
8
14
19
23
28
35
42
49
52
52
49
46
42
39
37
36
34
32
32
32
32
30
25
19
15
14
16
20
24
28
33
37
39
40
44
47
48
50
54
59
65
70
72
73
71
69
66
64
63
61
58
56
55
54
52
47
43
39
37
38
40
42
43
42
44
46
49
52
55
58
61
64
68
74
79
80
80
78
74
72
70
69
68
69
69
68
67
63
59
55
49
45
44
42
44
47
51
54
59
63
67
71
75
76
79
85
91
97
99
100
98
96
93
91
90
90
89
90
92
95
97
96
92
89
87
89
93
99
103
107
110
113
115
117
117
117
118
118
122
127
134
140
144
147
149
151
155
158
158
157
156
154
152
148
142
138
131
124
120
118
118
121
128
136
144
150
154
157
157
159
163
168
173
179
184
188
189
189
188
187
186
183
181
178
176
174
171
168
164
158
151
147
147
152
157
164
171
177
181
182
183
182
182
179
179
182
186
191
195
199
200
200
200
201
204
208
213
222
231
242
252
258
261
261
263
269
277
285
295
304
309
314
317
320
322
324
325
327
328
329
328
325
319
310
296
278
259
240
221
200
174
143
111
75
35
-6
-52
-102
-155
-211
-269
-325
-384
-447
-511
-578
-644
-708
-771
-833
-893
-952
-1008
-1061
-1114
-1167
-1220
-1273
-1323
-1368
-1412
-1451
-1486
-1517
-1543
-1566
-1586
-1601
-1614
-1626
-1633
-1635
-1630
-1616
-1596
-1571
-1544
-1511
-1473
-1431
-1387
-1340
-1292
-1241
-1190
-1138
-1084
-1028
-973
-920
-872
-829
-787
-746
-707
-669
-630
-592
-555
-519
-487
-459
-434
-411
-388
-362
-336
-309
-282
-256
-231
-210
-191
-173
-157
-141
-123
-102
-78
-52
-27
-7
9
24
36
46
54
61
65
67
71
74
76
76
74
67
59
52
47
45
45
47
49
50
53
56
61
66
69
72
75
80
87
93
98
100
100
101
101
100
100
101
100
99
99
99
99
97
92
85
78
71
66
65
66
67
67
66
64
61
60
58
55
51
49
50
52
55
55
53
50
46
42
38
34
31
27
27
27
27
25
21
16
9
4
3
4
9
13
15
17
17
18
17
15
13
13
15
20
27
32
37
40
42
42
39
38
38
37
36
37
40
42
45
45
44
41
40
41
44
47
49
51
53
55
58
62
64
66
66
66
66
68
72
76
77
77
75
73
73
74
74
74
75
76
75
78
77
71
64
57
52
52
54
57
60
61
63
65
69
73
76
80
84
89
93
97
102
104
102
100
98
97
95
95
96
98
101
102
101
99
96
92
86
82
79
77
75
74
73
74
76
78
80
82
84
87
92
96
101
107
109
108
106
104
100
96
93
92
92
93
93
96
97
95
90
85
81
78
75
76
80
83
86
88
89
89
89
88
87
87
89
93
96
99
100
98
94
90
87
85
84
84
85
87
88
89
88
87
82
76
74
73
74
77
81
84
86
87
87
85
83
82
82
85
88
92
95
96
95
94
91
87
84
81
78
76
73
70
66
62
57
51
46
43
42
41
40
41
44
49
55
60
66
71
75
78
81
85
90
92
91
85
74
59
45
32
18
5
-2
-3
4
17
36
60
85
109
133
155
176
196
212
225
235
241
242
240
237
231
222
213
206
202
198
194
188
180
171
160
148
134
120
105
90
73
57
39
18
-4
-28
-49
-66
-77
-82
-84
-86
-91
-96
-101
-106
-113
-120
-126
-128
-128
-125
-119
-111
-106
-102
-101
-100
-100
-98
-95
-90
-83
-74
-63
-52
-43
-35
-30
-27
-23
-17
-10
-2
7
16
24
31
37
41
46
49
52
55
60
69
77
83
85
85
85
85
84
83
82
81
81
81
82
81
77
69
59
50
43
39
37
36
37
37
39
41
43
45
48
52
56
61
66
71
74
75
71
64
59
54
50
47
47
47
47
47
45
44
41
36
30
26
24
23
23
23
23
22
20
18
15
11
7
6
12
27
51
81
115
150
181
203
215
218
208
191
171
149
125
99
70
34
-8
-52
-87
-111
-125
-128
-124
-114
-100
-81
-61
-46
-33
-22
-19
-23
-29
-33
-33
-32
-35
-39
-44
-49
-51
-52
-56
-69
-96
-131
-168
-207
-240
-252
-218
-121
49
273
518
764
968
1054
960
655
153
-487
-1170
-1821
-2397
-2875
-3253
-3526
-3695
-3774
-3774
-3708
-3588
-3419
-3202
-2943
-2650
-2323
-1963
-1575
-1168
-744
-310
125
554
976
1388
1780
2150
2492
2809
3104
3376
3623
3843
4030
4174
4268
4311
4315
4298
4257
4185
4080
3943
3782
3606
3425
3244
3064
2884
2709
2543
2387
2241
2103
1971
1846
1724
1605
1489
1374
1257
1140
1021
896
759
611
454
293
130
-33
-190
-337
-472
-597
-711
-814
-907
-988
-1059
-1119
-1165
-1198
-1223
-1240
-1252
-1258
-1262
-1262
-1260
-1259
-1255
-1247
-1233
-1216
-1194
-1169
-1144
-1116
-1086
-1054
-1022
-987
-950
-913
-875
-835
-798
-764
-734
-704
-675
-647
-622
-600
-580
-562
-544
-528
-512
-498
-486
-476
-466
-453
-438
-421
-402
-382
-362
-344
-325
-306
-286
-265
-244
-222
-199
-176
-153
-130
-112
-99
-91
-85
-78
-73
-69
-66
-64
-62
-60
-61
-64
-72
-81
-92
-102
-108
-110
-107
-101
-95
-88
-82
-76
-69
-61
-56
-50
-42
-32
-22
-12
-6
-3
-2
-3
-5
-8
-10
-11
-12
-13
-14
-15
-18
-22
-27
-33
-38
-40
-41
-38
-33
-28
-23
-18
-10
-7
-3
1
7
14
22
31
40
48
50
50
47
42
36
31
27
24
22
21
20
18
16
11
3
-4
-8
-7
-4
0
3
5
5
4
2
0
1
2
4
8
13
20
27
33
36
35
35
35
36
37
37
37
36
35
33
29
23
15
8
4
4
7
11
15
18
21
23
25
27
27
27
28
32
39
47
54
58
59
58
57
57
56
55
52
48
45
43
43
43
42
40
37
34
35
37
40
43
47
52
56
61
64
65
65
65
66
68
72
77
80
81
79
75
72
70
69
66
62
60
58
55
52
50
50
48
44
41
40
42
44
45
46
47
47
47
48
49
50
51
55
60
65
70
77
83
86
88
90
94
99
103
105
106
107
108
106
103
98
91
84
81
82
87
92
97
101
103
104
105
106
105
103
104
108
113
119
122
123
123
122
123
126
127
130
130
131
133
136
139
139
136
132
129
128
130
132
135
138
140
141
142
146
150
152
153
154
154
155
159
166
172
175
177
177
178
178
177
176
176
175
173
174
173
171
167
161
153
149
147
149
150
152
155
160
164
169
174
178
182
185
191
198
204
207
208
208
207
205
205
207
207
206
205
207
210
213
217
219
221
225
232
240
245
251
260
269
278
289
301
312
320
326
333
342
350
358
364
366
367
364
358
351
344
336
328
318
306
292
275
255
232
204
174
143
111
76
39
0
-42
-87
-136
-189
-244
-301
-360
-419
-473
-523
-578
-638
-702
-770
-839
-908
-967
-1020
-1080
-1141
-1203
-1261
-1317
-1368
-1408
-1444
-1484
-1522
-1557
-1585
-1607
-1624
-1633
-1635
-1633
-1628
-1616
-1603
-1586
-1566
-1540
-1508
-1469
-1425
-1379
-1332
-1286
-1243
-1200
-1155
-1109
-1062
-1013
-962
-912
-863
-817
-774
-736
-700
-665
-628
-587
-547
-507
-469
-433
-400
-368
-339
-312
-288
-266
-244
-220
-196
-171
-148
-125
-105
-87
-71
-58
-45
-32
-19
-7
3
13
24
33
40
44
46
49
54
61
69
78
86
94
98
102
107
108
108
107
106
105
104
105
107
108
106
105
103
103
102
102
101
100
99
97
95
92
89
86
83
79
77
79
84
88
91
94
97
97
95
92
89
88
87
89
90
94
94
92
87
84
81
79
77
75
72
71
70
69
66
62
57
52
46
42
39
37
36
36
35
34
33
31
31
30
29
29
31
35
40
43
45
46
44
41
39
37
35
33
31
30
30
30
26
20
13
7
5
3
5
9
13
17
22
26
30
32
34
35
38
42
45
47
48
48
48
48
45
42
39
38
38
40
43
46
49
50
48
44
39
36
36
39
45
50
55
59
61
63
64
63
63
64
66
72
78
84
87
90
92
90
87
84
81
77
75
76
77
77
76
74
70
64
61
59
60
62
64
66
68
71
75
76
76
76
77
79
82
86
91
94
96
95
92
88
84
82
81
81
81
83
84
84
84
83
80
77
77
80
84
87
89
89
88
87
85
84
81
77
75
76
78
81
85
88
89
87
84
82
80
77
75
74
73
74
76
75
70
63
54
46
44
47
53
58
63
68
72
75
77
78
76
75
76
79
84
91
97
103
104
104
103
102
101
99
96
95
93
89
83
76
64
52
43
37
35
35
36
39
39
39
39
39
38
39
40
44
50
58
68
74
77
80
81
80
77
74
69
61
51
42
32
19
4
-11
-22
-27
-24
-13
6
33
64
96
126
156
182
205
224
239
250
258
264
269
269
265
257
246
233
221
208
195
183
172
161
151
142
131
118
103
86
69
53
37
23
11
0
-11
-23
-36
-48
-60
-73
-83
-92
-98
-103
-109
-115
-123
-131
-139
-146
-151
-154
-154
-152
-147
-140
-132
-124
-119
-115
-112
-104
-95
-83
-71
-58
-45
-35
-23
-11
-1
4
8
13
19
26
34
43
50
54
55
57
58
60
62
63
63
65
69
74
76
74
70
66
61
56
52
51
49
48
47
46
46
47
48
49
49
49
52
57
64
70
73
71
68
64
60
56
54
52
52
54
56
57
58
57
54
49
44
41
41
42
43
43
42
42
40
36
33
30
29
31
33
37
40
40
36
32
33
41
57
79
107
135
164
189
202
205
196
178
154
127
100
75
51
23
-6
-37
-64
-84
-99
-104
-102
-94
-82
-68
-50
-33
-22
-15
-14
-18
-30
-45
-60
-73
-81
-85
-86
-83
-80
-77
-73
-66
-58
-49
-39
-27
-16
-4
14
47
98
174
259
353
444
498
453
251
-154
-773
-1553
-2389
-3176
-3848
-4379
-4764
-4996
-5076
-5020
-4847
-4597
-4288
-3924
-3520
-3085
-2630
-2157
-1670
-1173
-673
-172
324
805
1267
1706
2118
2496
2838
3147
3431
3692
3928
4137
4316
4459
4563
4622
4643
4631
4590
4516
4412
4279
4120
3943
3755
3562
3368
3176
2990
2813
2649
2500
2366
2242
2128
2022
1923
1824
1725
1622
1514
1405
1292
1166
1030
885
728
565
395
223
55
-105
-257
-396
-522
-637
-738
-828
-905
-970
-1025
-1071
-1107
-1132
-1149
-1164
-1174
-1179
-1173
-1169
-1165
-1158
-1148
-1135
-1116
-1091
-1061
-1030
-999
-971
-946
-923
-901
-877
-854
-831
-807
-782
-755
-728
-703
-679
-657
-637
-619
-601
-582
-561
-541
-521
-501
-480
-459
-439
-420
-402
-386
-369
-349
-326
-302
-277
-256
-238
-223
-209
-196
-184
-174
-166
-156
-147
-137
-127
-120
-116
-115
-115
-114
-111
-106
-101
-97
-94
-94
-98
-102
-104
-105
-105
-103
-99
-92
-83
-72
-63
-57
-52
-49
-49
-49
-48
-47
-44
-41
-37
-33
-30
-31
-36
-41
-45
-48
-49
-46
-44
-43
-41
-40
-38
-36
-35
-35
-34
-29
-25
-18
-9
0
6
10
11
10
7
3
-1
-5
-7
-7
-5
-5
-4
-6
-6
-8
-10
-10
-8
-4
-1
0
2
5
7
8
7
6
6
9
14
20
24
27
27
27
27
28
28
29
30
32
32
32
31
30
28
22
18
15
16
19
22
26
31
34
36
38
39
37
36
36
37
39
43
49
53
55
56
54
50
49
48
47
45
45
44
44
43
41
38
34
32
33
35
39
43
44
45
45
45
44
42
40
38
37
38
40
44
46
48
49
51
52
52
51
49
48
48
49
49
47
44
40
34
28
25
25
28
31
33
36
41
45
49
51
51
52
52
56
61
66
71
74
75
75
73
72
72
72
72
70
70
71
73
71
66
62
58
57
59
62
65
68
70
71
71
71
73
77
81
85
90
94
101
109
113
113
112
109
104
100
98
98
100
102
103
104
104
105
104
102
101
103
106
109
113
118
122
126
129
133
137
141
143
146
152
159
164
168
169
169
167
165
163
161
161
163
168
172
175
177
179
179
176
173
170
169
168
167
169
170
170
170
169
169
169
170
171
173
178
184
188
192
194
191
185
180
178
180
182
185
186
189
193
195
196
197
196
195
197
203
209
215
217
223
229
233
236
239
242
246
251
257
264
271
282
291
299
306
312
318
324
328
330
332
335
339
343
344
342
337
331
325
320
313
304
293
279
262
241
216
191
161
126
90
55
23
-13
-55
-96
-140
-194
-255
-320
-389
-460
-532
-604
-674
-743
-812
-881
-951
-1022
-1091
-1154
-1211
-1260
-1304
-1344
-1382
-1419
-1455
-1488
-1517
-1543
-1566
-1583
-1594
-1601
-1603
-1600
-1592
-1573
-1549
-1526
-1503
-1480
-1455
-1428
-1398
-1366
-1331
-1293
-1254
-1215
-1175
-1132
-1088
-1042
-992
-942
-890
-841
-792
-746
-699
-653
-609
-568
-529
-491
-457
-424
-392
-359
-329
-303
-282
-263
-246
-229
-211
-194
-177
-161
-145
-130
-117
-104
-94
-83
-68
-51
-35
-20
-6
9
22
37
47
54
60
66
74
84
93
102
108
111
111
110
107
104
99
93
87
82
78
76
75
72
68
61
55
54
56
62
69
76
82
88
92
93
94
94
93
93
94
97
102
107
109
111
111
110
109
106
104
103
101
99
98
96
91
85
76
68
61
56
57
60
62
63
65
65
65
65
64
62
60
58
56
57
60
60
58
54
49
42
35
31
29
29
30
32
34
33
28
22
15
9
5
5
7
10
12
13
13
13
14
14
13
13
14
17
22
29
35
41
45
47
49
50
48
45
41
37
33
31
28
26
21
16
11
8
7
10
13
17
19
18
16
14
10
8
7
9
14
17
23
31
38
41
42
42
42
42
40
38
36
34
33
32
30
28
25
23
25
29
33
37
41
45
48
52
55
57
59
61
63
66
68
69
72
71
70
71
73
73
75
77
78
79
79
78
80
80
78
72
67
63
62
63
64
64
64
66
67
67
66
67
70
74
76
80
84
88
92
94
96
97
97
96
94
91
89
89
89
90
90
87
81
74
68
65
65
66
67
68
68
68
67
65
63
62
62
63
64
67
71
74
79
80
79
77
76
73
71
71
71
73
76
78
79
78
74
70
67
64
62
61
63
65
67
71
77
83
89
95
100
105
108
112
114
116
116
115
111
107
104
104
105
107
108
107
105
102
98
93
84
76
67
58
48
38
27
21
14
11
12
19
32
50
74
102
132
164
194
218
237
251
259
262
262
259
253
245
238
229
218
203
186
166
146
129
116
103
88
73
58
41
23
5
-14
-32
-48
-63
-76
-87
-97
-107
-117
-129
-143
-158
-173
-185
-193
-198
-200
-199
-193
-185
-176
-168
-161
-153
-145
-137
-126
-112
-98
-83
-69
-55
-42
-30
-18
-7
4
15
24
33
42
47
47
46
44
43
43
43
43
42
41
42
44
47
49
49
47
45
46
50
57
63
69
72
76
80
80
79
75
69
65
65
65
68
71
71
70
67
64
61
58
53
49
48
49
52
54
53
49
44
40
37
35
36
38
39
40
41
41
39
36
33
32
33
33
35
38
42
44
44
43
42
40
36
31
26
23
20
19
23
30
44
59
78
102
131
161
185
197
197
188
174
153
127
101
72
38
2
-30
-53
-66
-71
-71
-68
-66
-61
-55
-43
-31
-19
-12
-10
-15
-28
-48
-67
-84
-97
-106
-109
-105
-95
-82
-67
-46
-21
8
44
89
139
195
250
301
342
371
384
375
339
263
170
21
-346
-947
-1773
-2763
-3812
-4823
-5720
-6464
-7016
-7352
-7466
-7358
-7045
-6566
-5966
-5285
-4551
-3791
-3026
-2265
-1550
-872
-199
460
1096
1696
2253
2763
3216
3612
3953
4247
4503
4724
4889
5011
5100
5173
5210
5206
5179
5130
5046
4937
4809
4658
4488
4302
4107
3913
3719
3524
3333
3151
2983
2831
2696
2579
2476
2380
2286
2191
2089
1981
1869
1749
1616
1471
1316
1150
976
796
620
448
271
97
-68
-220
-357
-480
-586
-676
-754
-821
-875
-915
-951
-982
-1011
-1034
-1049
-1058
-1063
-1066
-1069
-1070
-1070
-1067
-1060
-1052
-1042
-1029
-1012
-993
-973
-953
-932
-913
-892
-870
-843
-813
-783
-752
-721
-692
-662
-632
-601
-574
-548
-522
-495
-469
-443
-418
-392
-369
-352
-340
-330
-322
-313
-304
-294
-282
-270
-259
-248
-238
-231
-225
-218
-209
-199
-185
-170
-155
-142
-129
-119
-109
-101
-96
-91
-86
-83
-80
-75
-71
-69
-68
-69
-70
-71
-71
-71
-71
-69
-67
-65
-64
-64
-66
-70
-74
-75
-75
-73
-69
-64
-58
-52
-47
-44
-43
-41
-40
-40
-38
-32
-23
-14
-9
-5
-3
-3
-1
1
3
4
5
4
4
6
7
6
4
1
-3
-5
-3
1
5
8
9
8
7
6
6
6
7
10
13
16
22
27
29
27
23
20
16
12
7
5
5
7
9
11
10
8
3
-2
-3
-3
0
7
13
19
23
27
30
29
27
24
21
19
20
23
25
28
30
28
23
19
16
14
11
9
9
11
12
12
10
6
3
3
8
12
17
22
23
23
25
27
30
31
31
32
33
33
37
43
50
53
53
51
49
46
43
41
38
37
39
41
42
40
36
31
25
20
16
14
15
14
14
16
19
22
25
29
33
37
43
52
60
64
65
65
64
62
59
58
57
56
54
52
50
49
49
48
45
41
42
45
48
51
52
52
53
57
61
64
66
70
75
80
85
92
99
102
103
104
105
105
105
107
109
110
113
115
117
117
117
115
112
108
106
107
110
113
114
115
117
119
120
123
126
128
132
140
150
160
167
170
170
169
167
168
171
173
172
171
171
173
173
171
168
165
164
163
164
166
170
173
175
176
176
175
175
175
175
176
181
185
190
195
199
200
199
198
197
195
195
194
192
189
186
183
179
174
171
169
171
175
183
194
205
216
221
226
228
232
234
234
233
233
237
245
256
265
271
276
281
288
294
300
304
309
314
319
322
324
327
329
331
333
335
340
347
354
359
361
361
359
356
350
341
328
314
299
284
268
248
221
187
150
110
66
19
-33
-86
-142
-199
-258
-321
-387
-455
-526
-597
-663
-722
-777
-835
-896
-962
-1030
-1098
-1162
-1223
-1282
-1339
-1391
-1438
-1479
-1515
-1549
-1580
-1608
-1633
-1654
-1672
-1683
-1690
-1693
-1693
-1689
-1678
-1660
-1636
-1604
-1569
-1533
-1497
-1460
-1419
-1375
-1328
-1279
-1230
-1179
-1126
-1073
-1021
-968
-915
-860
-805
-752
-702
-658
-618
-582
-549
-517
-486
-456
-427
-400
-373
-347
-324
-304
-283
-264
-247
-230
-213
-192
-168
-145
-124
-103
-85
-69
-54
-38
-22
-8
7
22
39
54
67
76
80
82
81
78
74
70
66
62
59
55
50
44
35
26
19
14
12
13
16
20
22
24
26
28
33
39
46
53
60
67
73
76
78
77
76
74
71
68
64
60
58
58
59
60
59
57
54
49
44
40
39
43
47
52
57
63
66
66
64
62
59
57
56
59
64
71
74
75
72
69
63
55
47
40
33
29
26
23
18
12
6
1
-3
-5
-5
-4
-2
0
4
8
13
14
14
16
18
22
27
33
37
38
37
34
31
30
31
30
28
28
28
29
28
26
23
19
14
12
10
13
17
22
28
32
36
39
42
43
44
45
47
52
58
64
69
73
75
76
77
77
78
80
82
83
83
81
78
73
68
63
59
58
60
67
73
78
82
84
84
84
84
83
82
82
87
89
90
90
89
88
85
83
82
82
84
86
89
93
94
94
90
84
77
71
68
66
67
71
76
81
86
88
89
89
88
88
88
91
95
100
103
104
104
102
100
100
98
98
97
96
96
97
98
99
98
94
89
87
86
87
89
91
94
96
97
99
99
100
100
100
102
103
105
108
109
111
112
112
111
110
109
108
107
106
105
103
100
94
88
82
79
77
76
75
76
76
78
77
75
72
69
66
64
64
65
68
70
70
68
66
62
59
58
58
57
57
58
60
62
63
66
67
66
63
62
62
63
63
63
60
55
49
42
34
25
17
13
14
22
35
53
73
95
118
143
170
194
216
235
250
260
268
271
268
260
249
239
231
223
215
207
199
189
180
170
158
146
133
120
109
99
91
84
76
66
52
34
14
-5
-25
-44
-62
-77
-90
-102
-113
-126
-139
-152
-165
-176
-183
-183
-179
-173
-167
-160
-154
-147
-138
-127
-116
-106
-94
-81
-63
-44
-29
-16
-5
3
10
16
21
27
32
36
40
40
39
37
34
32
32
34
38
44
52
59
66
71
76
80
82
82
80
80
83
89
96
99
101
100
96
93
90
87
85
80
74
71
68
65
61
55
47
41
38
38
41
46
50
54
58
63
66
67
65
62
59
58
61
66
70
73
74
73
69
64
58
52
47
43
38
34
29
22
13
2
-9
-14
-12
0
22
52
87
126
165
201
226
237
238
231
215
195
174
149
118
80
36
-9
-47
-75
-94
-105
-105
-100
-90
-77
-64
-54
-51
-52
-58
-69
-81
-88
-91
-90
-89
-86
-81
-75
-65
-51
-35
-20
-7
1
5
4
-2
-3
20
83
193
343
509
667
792
823
692
351
-202
-916
-1696
-2439
-3079
-3590
-3973
-4230
-4361
-4382
-4307
-4155
-3941
-3676
-3368
-3026
-2654
-2256
-1832
-1384
-924
-456
11
471
917
1347
1756
2139
2492
2816
3114
3393
3650
3882
4086
4261
4399
4494
4547
4566
4550
4504
4426
4310
4158
3982
3792
3596
3400
3208
3024
2846
2678
2520
2373
2236
2104
1979
1859
1740
1622
1502
1379
1251
1116
974
823
663
494
320
147
-21
-182
-332
-470
-595
-708
-807
-894
-971
-1035
-1086
-1126
-1155
-1173
-1185
-1192
-1199
-1206
-1212
-1220
-1228
-1236
-1240
-1239
-1234
-1225
-1213
-1196
-1175
-1154
-1131
-1106
-1078
-1046
-1010
-969
-926
-882
-838
-795
-755
-715
-679
-645
-612
-580
-551
-524
-499
-477
-458
-442
-429
-420
-411
-406
-401
-397
-391
-382
-371
-358
-344
-331
-315
-298
-280
-259
-234
-207
-179
-154
-134
-116
-100
-85
-73
-61
-50
-40
-32
-25
-20
-18
-18
-23
-29
-37
-45
-54
-63
-71
-79
-85
-90
-92
-94
-96
-100
-100
-97
-91
-81
-68
-56
-45
-36
-28
-22
-16
-12
-10
-7
-2
2
6
7
5
1
-2
-5
-8
-11
-13
-16
-18
-21
-23
-25
-26
-31
-36
-39
-37
-32
-26
-18
-11
-5
-1
3
7
10
13
17
21
25
30
35
39
37
35
32
29
26
22
21
20
18
17
16
15
12
7
0
-7
-10
-11
-9
-5
-1
3
9
14
19
23
27
30
33
37
42
46
51
54
56
56
53
51
48
44
40
36
34
32
29
26
23
19
13
6
2
1
5
10
13
15
17
19
21
24
26
29
32
37
42
49
53
56
58
58
56
53
50
48
45
44
45
45
45
43
41
39
36
34
34
37
40
42
43
42
41
40
40
42
44
47
52
56
61
65
68
70
71
70
68
67
68
68
69
71
72
75
75
73
65
59
55
55
58
62
67
71
73
74
74
75
77
78
81
86
91
96
101
106
107
108
107
103
99
94
93
93
96
98
100
99
99
97
95
92
92
94
97
100
102
103
106
112
116
121
126
130
131
134
139
145
152
157
157
155
152
150
149
148
147
145
144
144
143
143
143
142
143
147
154
161
169
176
183
190
194
196
194
190
184
180
179
179
180
180
179
178
178
179
178
178
178
179
178
178
177
175
173
172
170
167
163
161
163
165
167
172
179
187
189
191
194
196
198
204
212
222
232
241
247
251
254
258
261
265
271
279
286
294
302
308
311
311
309
308
308
312
318
324
330
335
341
345
346
344
340
335
329
322
313
302
288
269
244
215
183
150
116
82
43
1
-45
-93
-144
-198
-256
-318
-380
-437
-491
-549
-610
-674
-740
-808
-876
-943
-1009
-1074
-1138
-1197
-1251
-1302
-1348
-1389
-1428
-1465
-1501
-1534
-1564
-1590
-1614
-1635
-1651
-1661
-1665
-1663
-1652
-1635
-1618
-1600
-1576
-1545
-1508
-1468
-1426
-1384
-1338
-1290
-1239
-1185
-1132
-1078
-1024
-969
-915
-860
-806
-758
-714
-675
-637
-604
-572
-541
-511
-481
-451
-423
-395
-372
-350
-329
-310
-289
-268
-246
-222
-197
-174
-151
-130
-110
-93
-77
-61
-45
-27
-10
9
28
46
60
70
75
79
79
78
73
67
61
55
49
44
39
33
28
24
21
21
25
32
39
45
51
56
59
60
61
63
65
70
77
82
87
90
90
88
85
80
79
77
75
74
73
73
71
69
66
61
55
51
49
47
44
42
41
41
41
39
36
33
31
30
29
30
33
36
38
38
37
35
32
27
22
16
11
7
4
1
-3
-7
-11
-16
-20
-21
-20
-18
-15
-11
-5
2
10
16
22
27
33
38
45
53
59
64
65
65
66
66
67
68
70
71
74
77
80
81
79
74
69
64
59
56
55
56
58
60
61
63
65
65
66
69
72
75
79
85
90
93
94
93
90
87
87
89
92
93
94
95
96
95
92
87
83
81
81
83
85
86
86
89
92
96
98
100
100
99
99
100
102
103
102
100
97
94
89
86
87
89
92
95
98
101
102
101
98
95
93
91
92
96
99
102
104
106
106
106
104
99
95
93
94
97
102
104
104
104
104
103
102
101
100
99
98
98
96
95
93
89
85
83
83
85
89
93
97
99
99
96
92
89
87
85
84
87
91
96
102
103
101
98
95
93
91
89
87
86
86
88
89
89
86
81
77
75
76
79
82
86
88
90
91
92
92
93
94
96
98
100
103
107
106
102
97
89
82
75
69
64
61
60
60
59
58
55
51
47
44
43
45
50
54
58
61
65
66
64
59
53
46
40
35
31
28
23
18
14
14
20
33
54
77
104
130
156
179
199
214
224
230
233
235
238
240
238
236
234
230
226
220
215
209
201
193
186
180
175
170
166
161
146
127
106
84
63
42
20
-1
-22
-43
-64
-85
-105
-125
-144
-161
-175
-188
-198
-205
-209
-209
-206
-199
-189
-175
-158
-139
-117
-93
-69
-44
-19
6
28
49
67
81
93
101
105
105
102
96
87
75
62
47
31
16
0
-14
-27
-37
-46
-51
-54
-54
-34
38
138
247
355
453
538
607
660
698
721
732
730
719
700
673
640
603
563
521
477
432
388
344
302
262
224
190
158
130
105
84
67
53
42
34
28
25
24
24
25
27
30
32
34
35
36
35
35
33
54
91
111
103
61
-15
-124
-250
-389
-539
-692
-836
-968
-1089
-1201
-1305
-1403
-1490
-1562
-1623
-1674
-1709
-1731
-1738
-1743
-1761
-1796
-1832
-1852
-1845
-1812
-1772
-1750
-1783
-1921
-2233
-2771
-3539
-4482
-5466
-6337
-6987
-7368
-7464
-7272
-6807
-6102
-5279
-4348
-3335
-2225
-1082
48
1125
2121
3020
3812
4491
5059
5524
5892
6173
6367
6481
6520
6497
6424
6309
6160
5980
5768
5529
5271
5002
4729
4455
4187
3918
3652
3388
3129
2874
2626
2382
2145
1916
1698
1487
1286
1093
909
733
565
405
258
123
1
-110
-209
-296
-372
-435
-488
-535
-574
-603
-620
-624
-619
-608
-594
-576
-557
-540
-524
-509
-495
-481
-469
-457
-444
-433
-425
-419
-416
-417
-419
-420
-416
-411
-404
-395
-385
-373
-360
-345
-331
-316
-300
-282
-262
-239
-216
-193
-171
-149
-131
-119
-110
-103
-97
-93
-88
-84
-80
-77
-77
-82
-89
-97
-105
-113
-121
-127
-132
-134
-135
-134
-132
-127
-127
-126
-122
-117
-109
-99
-88
-74
-60
-46
-36
-28
-22
-19
-19
-19
-19
-17
-16
-15
-16
-21
-27
-33
-40
-46
-51
-53
-53
-53
-54
-54
-56
-58
-61
-64
-66
-67
-65
-59
-54
-50
-46
-44
-43
-43
-43
-42
-41
-38
-34
-28
-23
-20
-22
-27
-33
-38
-42
-45
-48
-52
-54
-56
-57
-59
-63
-68
-71
-74
-75
-77
-73
-68
-62
-57
-54
-52
-51
-53
-56
-60
-62
-61
-59
-55
-51
-45
-41
-40
-41
-44
-48
-52
-56
-58
-58
-59
-60
-60
-63
-67
-71
-72
-73
-72
-70
-68
-67
-64
-59
-54
-50
-50
-52
-55
-58
-59
-58
-56
-55
-56
-58
-61
-63
-67
-68
-69
-69
-68
-68
-67
-68
-69
-72
-76
-82
-85
-84
-83
-82
-81
-77
-76
-75
-75
-76
-77
-77
-77
-73
-68
-62
-59
-59
-60
-61
-63
-65
-67
-69
-71
-72
-72
-70
-72
-76
-83
-91
-97
-98
-96
-93
-89
-86
-84
-82
-81
-80
-79
-78
-76
-73
-68
-63
-57
-51
-48
-48
-53
-59
-65
-69
-73
-80
-86
-91
-93
-96
-98
-100
-103
-105
-107
-104
-100
-97
-94
-91
-88
-89
-92
-96
-98
-102
-104
-106
-105
-102
-99
-100
-102
-104
-107
-110
-115
-122
-127
-132
-136
-140
-145
-149
-154
-161
-167
-172
-177
-178
-176
-170
-165
-160
-156
-154
-153
-152
-150
-147
-141
-134
-127
-118
-108
-98
-93
-91
-88
-84
-80
-76
-73
-70
-66
-63
-61
-60
-60
-60
-60
-55
-43
-27
-10
6
21
33
44
52
59
65
71
80
91
103
114
124
131
136
139
141
142
143
145
147
147
147
146
143
138
134
127
119
115
113
115
118
120
122
125
130
134
136
139
141
144
150
158
167
175
183
191
197
203
209
218
231
247
264
283
301
318
335
350
362
373
386
400
417
434
451
466
477
483
486
485
481
472
462
449
434
417
397
371
340
304
262
216
166
114
61
6
-52
-113
-174
-235
-298
-362
-426
-487
-543
-593
-640
-683
-726
-764
-799
-826
-848
-864
-879
-893
-904
-911
-916
-916
-914
-908
-901
-889
-873
-854
-835
-815
-792
-765
-738
-710
-682
-653
-621
-588
-555
-523
-490
-456
-421
-386
-353
-320
-290
-264
-241
-219
-199
-179
-159
-140
-124
-111
-103
-96
-91
-88
-83
-78
-71
-65
-60
-55
-51
-46
-41
-37
-36
-36
-34
-28
-23
-17
-9
-1
6
10
13
15
18
22
25
29
34
39
46
53
58
59
56
52
49
46
43
41
39
37
36
32
27
19
12
7
4
4
7
10
11
10
7
5
3
1
-1
-1
0
3
10
19
28
35
39
40
40
40
41
42
41
39
37
35
32
28
23
19
18
17
18
21
26
30
31
30
29
28
26
24
22
20
22
27
32
36
37
35
33
31
29
29
28
27
26
25
24
24
23
21
17
12
8
8
10
13
17
23
26
26
25
25
26
25
24
24
26
28
31
32
30
28
25
24
26
29
31
31
31
32
31
25
17
8
-2
-10
-11
-8
-4
3
10
18
24
29
32
34
36
37
39
43
48
53
57
58
59
57
