0
0
-13
-15
-2
21
47
66
73
64
57
44
37
40
45
49
52
61
56
53
53
46
47
62
83
115
146
170
201
237
278
321
366
433
508
581
659
706
739
799
871
937
1001
1077
1174
1275
1373
1484
1603
1712
1832
1956
2067
2149
2198
2212
2188
2106
2007
1908
1814
1751
1764
1888
2120
2448
2868
3418
4145
5089
6242
7540
8894
10177
10946
11428
11916
12175
12109
11717
11033
10103
8962
7653
6233
4755
3254
1755
294
-1083
-2319
-3396
-4316
-5074
-5687
-6127
-6418
-6600
-6712
-6750
-6716
-6635
-6556
-6491
-6436
-6378
-6322
-6284
-6270
-6254
-6233
-6187
-6108
-5995
-5856
-5681
-5476
-5258
-5016
-4766
-4550
-4375
-4224
-4068
-3904
-3737
-3573
-3430
-3301
-3174
-3046
-2916
-2792
-2654
-2519
-2383
-2244
-2098
-1939
-1780
-1652
-1555
-1479
-1387
-1278
-1160
-1049
-939
-832
-740
-656
-571
-492
-409
-318
-233
-159
-100
-54
-18
7
22
22
4
-18
-36
-33
-34
-42
-52
-61
-61
-38
-11
6
8
-3
-16
-22
-21
-8
16
41
40
34
47
55
52
32
11
-4
-9
7
21
32
40
39
39
39
25
0
-12
-15
-6
9
27
36
42
35
36
40
45
53
72
84
93
101
94
88
85
88
87
69
52
42
38
40
45
52
62
54
37
28
36
42
46
51
71
79
73
64
67
77
84
94
101
104
97
92
106
101
99
98
104
107
100
92
87
84
89
101
107
101
103
107
110
95
84
76
63
55
61
88
104
96
92
90
90
93
106
106
106
117
142
164
172
165
155
145
136
118
104
99
97
95
82
69
72
84
89
87
89
87
86
82
79
92
100
102
93
91
96
101
105
106
106
123
152
166
163
149
134
124
119
113
112
117
118
128
123
117
121
118
108
94
93
98
111
118
118
121
120
101
82
64
55
63
65
63
63
81
106
119
127
134
131
124
115
104
100
99
99
97
96
92
84
77
79
82
82
89
102
129
142
128
108
92
82
73
72
75
81
93
101
109
114
122
118
107
93
85
82
82
98
112
105
101
86
64
52
60
70
74
87
98
118
137
144
133
116
101
89
84
86
81
83
105
121
124
133
141
135
119
103
93
91
109
113
101
83
71
62
64
63
57
49
53
62
83
113
138
146
136
121
111
103
101
112
126
133
136
154
165
161
144
124
103
91
83
80
81
85
88
89
87
90
93
101
110
119
127
129
131
142
146
130
116
113
120
130
135
134
140
149
164
184
195
195
189
183
182
184
184
186
181
157
131
120
110
91
80
72
72
65
62
73
85
97
103
92
76
68
76
80
81
71
66
70
81
81
78
53
32
-6
-46
-69
-73
-56
-36
-31
-40
-61
-97
-130
-155
-175
-193
-207
-217
-223
-227
-236
-252
-264
-276
-285
-292
-301
-306
-296
-285
-288
-282
-271
-270
-285
-296
-316
-332
-358
-393
-414
-425
-425
-438
-446
-448
-439
-424
-405
-380
-358
-335
-313
-297
-283
-268
-253
-238
-223
-210
-204
-196
-184
-174
-161
-149
-137
-132
-128
-127
-120
-97
-74
-60
-50
-42
-34
-22
-15
-11
-1
17
42
76
104
124
136
140
148
156
162
185
205
203
203
195
186
183
185
185
178
159
141
135
139
144
148
156
146
129
113
99
99
99
98
91
93
103
120
122
117
115
112
105
92
76
65
60
57
61
69
69
68
70
76
83
94
103
113
104
84
70
76
72
62
34
15
13
14
12
15
34
39
33
24
18
13
8
7
16
28
39
44
52
68
72
56
40
27
20
26
37
44
43
49
45
37
28
18
6
-2
-4
-16
-29
-33
-15
2
15
20
17
12
11
11
18
33
48
52
53
48
42
33
19
13
14
21
42
60
74
70
57
59
53
32
16
4
-9
-8
-5
1
3
6
7
8
7
5
8
10
19
29
35
39
41
34
26
21
6
-6
-8
8
31
38
52
54
36
14
9
0
-10
-10
0
10
7
10
20
32
41
50
55
58
61
72
64
64
49
38
36
39
40
35
28
28
24
18
13
7
3
-2
-7
-15
-19
-19
-25
-30
-24
-6
10
12
7
3
3
11
34
43
47
46
44
44
47
39
29
25
35
47
52
53
54
59
53
44
32
13
-9
-23
-27
-31
-40
-47
-49
-42
-37
-36
-33
-31
-32
-36
-40
-30
-16
11
23
43
56
59
50
15
-24
-43
-37
-13
4
8
11
14
17
20
23
23
18
11
8
12
23
31
26
12
4
-3
-9
-15
-20
-15
-6
5
15
23
27
19
10
4
-6
-12
-6
4
8
9
12
20
31
37
36
32
18
14
13
15
14
13
22
35
39
37
32
37
52
67
78
85
85
70
54
43
30
-3
-44
-64
-73
-80
-106
-127
-137
-141
-143
-126
-86
-28
51
127
208
295
377
444
482
486
434
313
143
-61
-280
-494
-685
-838
-936
-975
-978
-952
-917
-867
-795
-710
-618
-528
-458
-397
-344
-301
-271
-248
-213
-181
-155
-134
-119
-97
-65
-29
11
56
104
154
192
218
237
264
284
298
308
307
309
313
306
320
339
350
349
338
322
323
330
333
333
329
334
339
345
346
348
339
314
282
248
216
184
160
158
168
179
198
208
202
193
181
164
148
134
124
125
132
115
100
80
54
25
-2
-27
-44
-58
-61
-45
-22
-6
3
7
1
-6
-12
-14
1
22
31
49
64
67
67
67
54
38
18
4
6
16
29
34
33
33
31
20
1
-21
-35
-34
-24
-16
-12
-17
-28
-20
7
35
56
64
69
87
103
111
110
98
71
16
-43
-86
-137
-209
-275
-317
-310
-282
-241
-152
-62
19
72
104
114
111
105
101
77
50
26
11
17
26
27
26
29
31
30
36
55
69
67
56
44
33
26
26
30
32
28
20
17
14
7
8
19
35
58
77
98
126
166
225
296
365
434
509
597
671
724
776
829
872
890
908
931
977
1033
1097
1169
1235
1306
1390
1492
1595
1691
1764
1812
1844
1863
1881
1900
1913
1930
1973
1969
2002
2250
2594
2974
3384
3875
4474
5164
5934
6757
7566
8277
8889
9428
9842
10085
10140
9951
9541
8918
8149
7255
6148
4920
3627
2309
1022
-175
-1256
-2217
-3051
-3749
-4312
-4771
-5118
-5353
-5520
-5640
-5725
-5787
-5845
-5904
-5949
-5989
-6033
-6081
-6122
-6134
-6108
-6034
-5931
-5818
-5697
-5557
-5385
-5189
-4979
-4797
-4635
-4479
-4313
-4140
-3975
-3833
-3700
-3564
-3418
-3265
-3116
-2955
-2792
-2627
-2476
-2336
-2184
-2036
-1890
-1758
-1653
-1577
-1496
-1408
-1315
-1218
-1120
-1036
-960
-886
-801
-710
-614
-515
-409
-311
-221
-137
-64
-3
35
59
74
85
86
89
87
84
88
84
81
78
61
36
4
-29
-57
-70
-70
-68
-67
-82
-70
-57
-47
-36
-29
-33
-34
-21
-2
20
48
61
61
57
61
67
73
86
83
82
79
74
73
69
64
55
42
34
39
52
65
70
72
69
70
81
85
81
70
53
24
5
-1
5
11
16
17
18
24
34
68
100
126
140
152
166
169
155
134
103
76
58
51
50
44
41
40
48
54
59
78
82
75
63
55
52
75
103
118
121
114
103
100
113
120
125
126
114
106
103
103
100
91
80
72
70
76
82
91
98
100
99
95
86
79
71
58
54
60
78
97
94
81
69
65
67
91
118
144
160
170
166
150
125
101
84
70
61
59
64
77
89
94
86
77
64
59
58
54
50
49
42
43
44
44
42
46
48
45
50
64
75
86
101
116
127
130
129
121
111
103
96
94
98
100
100
97
79
63
52
66
85
93
88
80
83
96
110
114
111
104
101
96
88
84
90
92
88
91
98
105
108
106
99
89
87
87
96
114
117
118
111
95
78
71
71
70
70
81
94
100
101
100
99
90
82
83
83
85
90
95
104
107
103
101
92
85
80
86
102
113
115
119
112
102
84
59
48
55
55
50
58
73
95
115
120
115
107
94
78
77
80
82
85
92
98
103
111
117
118
94
88
94
102
109
113
112
108
108
105
108
110
108
104
102
110
124
145
148
139
124
108
112
119
120
121
121
143
168
175
168
157
141
123
112
110
115
116
107
118
128
125
113
103
93
81
81
84
83
77
72
74
77
80
83
81
77
89
99
114
128
136
144
146
136
120
99
80
64
53
46
36
22
11
1
-5
-21
-36
-46
-46
-46
-36
-24
-3
9
-2
-23
-45
-66
-82
-90
-87
-90
-98
-110
-132
-155
-175
-204
-233
-255
-259
-241
-223
-209
-194
-204
-228
-250
-281
-333
-371
-396
-413
-409
-405
-403
-403
-401
-399
-397
-386
-373
-365
-358
-347
-338
-334
-325
-308
-299
-286
-274
-273
-283
-284
-274
-259
-242
-227
-227
-224
-216
-205
-198
-189
-182
-173
-158
-138
-113
-89
-69
-54
-43
-20
9
34
49
72
96
115
130
140
140
138
132
129
137
133
126
126
133
137
134
126
115
107
108
117
123
127
139
150
152
146
135
127
129
129
135
141
135
126
118
133
144
137
132
123
113
105
99
96
100
105
110
104
79
51
36
31
27
29
29
34
48
58
59
59
62
64
59
54
52
56
64
77
84
88
85
80
73
69
68
69
76
84
91
86
63
33
5
-8
-24
-48
-66
-79
-70
-52
-14
21
28
18
-4
-23
-18
-3
1
1
1
6
11
17
16
12
19
24
22
24
31
32
30
39
54
64
65
55
40
23
14
27
42
47
45
38
36
22
2
1
12
32
46
53
57
61
66
69
67
44
15
-3
-2
9
18
24
17
8
9
7
2
-4
-4
-6
-5
3
12
17
16
8
3
3
2
1
5
11
18
14
11
5
0
6
10
9
4
6
13
21
29
38
45
46
44
27
5
-18
-35
-42
-37
-17
8
24
36
32
10
-13
-20
-1
22
41
53
47
48
49
45
40
31
22
16
15
16
20
22
12
6
4
0
1
4
4
0
6
21
30
35
37
34
28
21
13
12
10
8
13
17
23
26
27
31
28
23
16
8
11
17
25
18
4
9
20
23
15
3
-10
-23
-32
-27
-22
-19
-22
-22
-22
-19
-13
6
27
37
42
38
32
32
31
23
9
-3
-6
-7
-14
-19
-29
-28
-23
-21
-28
-30
-27
-18
-10
6
17
27
25
6
-20
-36
-44
-42
-16
-2
8
13
21
24
21
20
28
33
36
39
46
58
69
75
61
49
48
47
36
20
-1
-13
-23
-32
-26
-19
-26
-51
-80
-103
-97
-72
-32
20
80
160
246
318
380
427
457
464
439
355
214
32
-172
-375
-571
-713
-816
-914
-986
-1018
-1013
-975
-914
-826
-730
-629
-536
-457
-391
-332
-270
-226
-185
-132
-83
-46
-21
-7
-4
-2
1
8
33
61
81
96
107
117
135
151
163
172
196
222
239
252
271
284
284
282
282
296
308
330
353
372
377
392
406
399
375
341
315
287
262
244
230
238
252
262
249
223
199
182
167
157
147
131
111
96
98
97
85
63
50
49
50
43
36
30
22
13
12
11
8
2
1
1
0
-1
0
-4
-9
-7
-5
-6
-10
-14
-10
-4
7
26
37
35
25
20
16
8
14
19
14
13
8
8
20
35
39
32
25
27
5
-18
-23
-2
31
58
76
97
114
119
100
67
30
-17
-77
-137
-190
-242
-284
-310
-323
-305
-235
-143
-34
55
103
140
167
181
182
173
150
121
96
73
52
43
40
39
20
5
-6
-17
-21
-23
-18
-20
-14
5
34
48
43
34
18
6
8
22
36
52
75
102
131
172
209
247
275
309
385
484
586
673
745
803
846
880
898
898
908
932
969
1023
1084
1175
1263
1347
1438
1542
1644
1730
1788
1811
1799
1768
1724
1657
1567
1470
1411
1434
1563
1828
2225
2765
3491
4452
5658
7069
8622
10200
11635
12791
13613
14073
14158
13882
13254
12301
11085
9657
8082
6418
4731
3062
1431
-118
-1528
-2792
-3888
-4797
-5528
-6087
-6486
-6769
-6951
-7032
-7031
-6990
-6814
-6638
-6622
-6660
-6583
-6490
-6584
-6720
-6820
-6868
-6862
-6782
-6647
-6386
-6070
-5821
-5589
-5359
-5140
-4937
-4752
-4555
-4355
-4156
-3963
-3795
-3638
-3485
-3340
-3202
-3060
-2903
-2741
-2574
-2425
-2282
-2135
-1996
-1866
-1759
-1655
-1555
-1450
-1326
-1197
-1069
-949
-844
-747
-652
-551
-447
-333
-226
-122
-49
26
92
149
164
159
134
100
69
50
29
11
-4
-22
-46
-62
-73
-92
-97
-104
-121
-123
-97
-70
-49
-43
-40
-34
-24
-5
22
51
78
104
128
147
150
147
142
133
121
110
97
85
79
75
60
35
25
22
9
-1
-7
-12
-16
-9
6
28
45
55
62
61
56
52
51
60
73
90
98
100
104
108
108
109
108
110
116
106
97
89
69
52
43
39
42
47
49
43
61
95
122
134
141
136
121
119
119
118
118
113
114
122
135
143
145
135
117
101
90
81
76
68
57
67
59
58
75
82
87
105
116
118
133
152
167
163
152
140
108
74
51
57
75
92
109
117
124
130
135
138
133
127
123
125
138
136
130
118
107
97
79
59
51
49
46
61
80
105
119
114
121
123
120
121
127
128
126
130
146
151
146
140
140
138
145
153
155
162
168
168
163
146
113
79
57
45
33
26
34
49
73
90
94
98
100
104
106
106
105
100
101
124
143
152
152
146
131
109
89
86
93
98
101
95
95
94
90
75
63
53
41
42
50
59
87
109
119
108
118
134
142
144
139
128
128
132
140
138
128
117
100
88
84
85
92
112
120
118
112
109
106
102
94
77
51
62
77
86
79
68
62
64
71
81
99
104
105
105
114
132
149
154
149
144
140
132
117
108
104
101
96
94
96
99
102
91
75
66
70
78
83
91
100
109
122
130
143
153
159
168
188
205
204
195
187
175
150
130
103
87
79
89
108
122
124
119
110
99
93
102
120
130
140
146
150
152
147
136
117
103
93
89
94
114
136
167
199
211
208
199
187
177
172
161
162
147
135
120
103
85
67
50
35
26
17
17
20
22
33
36
33
26
19
13
-2
-19
-22
-14
-6
-8
-18
-48
-69
-88
-99
-108
-113
-113
-108
-117
-129
-143
-154
-172
-189
-220
-240
-264
-299
-314
-330
-337
-346
-359
-370
-383
-391
-389
-382
-369
-351
-347
-353
-358
-365
-368
-366
-362
-365
-363
-366
-373
-374
-366
-367
-370
-374
-372
-365
-362
-351
-335
-314
-295
-275
-250
-222
-211
-197
-180
-156
-126
-96
-72
-51
-28
2
21
34
39
37
34
41
47
57
78
106
129
133
127
124
119
122
119
114
111
119
130
140
150
160
165
164
162
158
158
175
187
184
176
172
166
156
152
153
154
154
152
140
128
118
115
107
96
83
79
81
84
91
104
119
131
136
123
98
76
62
64
67
78
89
90
96
100
103
99
90
75
61
52
46
45
52
57
46
36
30
26
19
25
14
2
19
35
40
28
22
22
19
16
17
19
28
33
38
47
63
64
59
47
36
29
33
40
50
63
73
60
47
40
28
25
17
1
-10
-14
-13
-3
6
13
15
21
31
44
58
57
50
51
57
62
65
65
51
46
49
53
48
43
36
31
24
8
5
10
9
-20
-30
-29
-11
7
27
38
34
18
1
-12
-21
-25
-26
-20
-9
17
42
58
61
55
36
10
-10
-16
-15
-14
-18
-16
-21
-24
-32
-35
-10
9
17
24
38
49
55
44
25
13
-3
-19
-18
-8
6
22
33
38
46
45
36
30
15
2
-6
4
23
39
48
44
40
45
45
24
-4
-31
-51
-53
-46
-28
-12
4
14
12
1
-10
-19
-14
-8
0
8
11
19
23
18
-5
-17
-18
-13
-5
3
5
2
-15
-27
-36
-43
-38
-42
-47
-50
-44
-26
-9
4
12
19
23
20
21
29
27
22
24
30
34
32
26
18
13
13
9
8
14
24
32
19
1
-16
-26
-18
-14
-27
-33
-14
0
6
4
-5
-16
-36
-54
-62
-57
-46
-34
-19
6
27
41
45
46
27
4
0
1
4
26
42
38
23
9
-6
-19
-24
-23
-21
-10
16
48
73
88
93
96
95
91
93
87
74
63
54
48
43
29
13
-17
-44
-63
-65
-50
-25
6
49
114
181
252
325
389
427
439
406
308
163
26
-106
-308
-525
-720
-869
-962
-1002
-992
-937
-859
-791
-721
-651
-584
-519
-452
-390
-322
-260
-213
-174
-137
-102
-75
-51
-35
-22
-16
-17
-19
-8
7
21
44
71
98
128
154
178
207
235
279
316
341
351
348
344
335
321
311
310
311
320
329
333
328
312
286
276
266
255
253
248
241
235
241
243
232
211
192
176
163
158
166
174
180
184
183
166
146
127
99
71
44
17
-5
-16
-22
-31
-48
-49
-45
-44
-42
-48
-57
-65
-53
-31
-10
3
13
17
17
26
51
73
86
90
85
78
79
68
61
51
38
27
13
11
9
-9
-28
-38
-39
-38
-40
-47
-50
-48
-39
-20
9
35
57
74
79
81
81
79
68
55
43
21
-21
-79
-154
-230
-283
-309
-312
-287
-199
-82
9
62
92
115
128
127
118
97
72
52
38
29
27
26
16
7
1
0
12
28
44
58
69
73
74
71
71
60
44
33
26
19
29
43
54
69
88
106
121
126
126
167
235
319
417
506
586
636
668
705
752
800
847
906
966
1031
1111
1203
1320
1441
1543
1627
1714
1804
1881
1925
1934
1882
1774
1618
1449
1268
1095
995
1025
1216
1583
2134
2918
3998
5440
7243
9309
11483
13536
15205
16289
16760
16664
16043
14982
13596
11966
10169
8260
6303
4362
2485
715
-934
-2451
-3799
-4967
-5949
-6728
-7317
-7712
-7929
-7992
-7955
-7853
-7682
-7481
-7284
-7117
-6985
-6887
-6813
-6760
-6711
-6670
-6618
-6565
-6509
-6403
-6265
-6106
-5921
-5701
-5470
-5222
-4968
-4741
-4530
-4317
-4119
-3933
-3754
-3584
-3425
-3273
-3122
-2972
-2834
-2700
-2556
-2406
-2265
-2121
-1964
-1800
-1665
-1541
-1430
-1339
-1242
-1143
-1041
-939
-840
-741
-646
-580
-518
-437
-344
-253
-167
-93
-37
6
40
63
76
75
64
51
38
38
33
13
-4
1
-1
1
4
8
16
27
38
42
44
45
44
41
37
36
34
32
30
25
24
17
13
12
11
16
22
24
22
22
36
63
80
71
68
69
71
72
69
69
75
85
92
88
82
81
84
80
73
70
65
68
80
98
109
96
85
81
60
47
40
33
31
42
64
86
96
103
104
100
97
108
117
135
157
156
150
148
149
143
129
117
109
113
119
125
131
135
128
124
118
102
109
111
92
77
70
73
86
99
106
105
117
129
139
132
117
96
100
124
136
138
133
130
124
113
94
83
77
71
67
68
79
88
92
102
107
108
112
111
102
106
112
111
103
93
85
87
100
111
122
130
139
135
129
134
134
124
93
70
67
73
92
110
121
117
120
122
110
93
80
79
91
109
122
125
118
112
106
95
88
97
108
116
127
152
166
170
169
152
134
117
103
98
104
123
142
156
154
146
133
112
90
74
56
45
48
58
73
84
89
94
97
97
97
111
132
143
139
135
130
124
119
109
96
86
81
84
95
119
131
130
123
119
112
100
89
79
82
93
102
112
117
118
115
108
99
100
105
111
118
124
129
138
146
143
132
115
101
91
86
88
105
122
129
119
105
94
78
56
36
22
26
48
77
96
91
89
90
93
95
95
84
73
65
63
78
105
121
132
142
154
151
148
148
148
144
148
149
144
130
124
116
100
79
67
62
79
96
113
125
126
114
99
98
112
124
133
139
158
156
152
154
155
149
147
152
168
163
157
148
143
137
133
127
121
114
104
99
104
117
131
139
134
134
124
108
109
107
95
84
80
76
76
82
89
82
63
26
8
1
-4
-7
-16
-31
-47
-66
-85
-108
-132
-159
-179
-188
-191
-194
-196
-204
-217
-229
-231
-220
-204
-191
-197
-207
-214
-217
-233
-260
-296
-335
-365
-385
-401
-404
-410
-408
-403
-405
-402
-391
-379
-388
-406
-424
-434
-430
-421
-418
-410
-406
-407
-401
-382
-359
-346
-330
-299
-261
-243
-253
-248
-230
-211
-181
-146
-118
-95
-61
-29
-3
3
-3
-8
1
15
27
32
30
41
61
76
102
117
122
127
131
132
138
154
171
190
209
224
232
235
237
212
195
181
167
158
154
152
150
146
140
139
133
132
133
129
121
115
111
108
101
95
87
87
89
99
118
131
138
147
146
135
125
111
92
75
63
58
61
68
76
80
65
51
34
29
32
23
7
-1
5
17
23
23
24
31
43
55
61
62
75
83
88
93
87
71
53
42
24
11
3
4
16
34
50
58
46
23
-1
-11
-21
-45
-74
-82
-78
-63
-47
-45
-46
-46
-49
-43
-23
1
9
13
23
40
54
66
74
62
39
22
17
20
21
14
8
6
11
17
18
18
19
19
17
17
26
31
29
30
38
35
29
22
20
24
33
40
37
44
49
39
29
23
13
0
0
17
32
43
32
16
2
-9
-12
-17
-25
-34
-40
-26
-6
11
19
21
15
11
12
17
22
29
24
22
26
30
30
31
28
25
22
27
46
51
51
47
37
25
12
-4
-13
-18
-18
-17
-8
12
18
11
4
-2
-3
-1
13
26
32
45
58
49
34
19
9
4
2
6
22
39
59
75
85
93
72
52
36
41
29
6
4
14
23
24
8
0
-9
-12
-4
10
31
48
59
64
67
54
57
63
59
50
41
28
18
19
23
24
16
13
15
8
0
-13
-18
-28
-36
-29
-17
-7
-2
-5
-11
-11
-3
17
26
18
11
14
21
32
41
41
19
-2
-17
-14
-1
15
28
32
22
9
-3
-10
-12
-22
-32
-22
-12
-6
-5
-10
-11
-25
-37
-32
-11
11
40
62
59
54
56
59
62
62
61
60
59
51
41
26
0
-28
-55
-72
-80
-79
-73
-53
-18
42
120
203
287
361
409
428
436
435
388
282
112
-95
-314
-526
-694
-816
-905
-956
-988
-973
-918
-840
-750
-670
-598
-536
-475
-415
-355
-306
-273
-241
-207
-160
-116
-76
-45
-23
3
36
62
75
83
99
121
134
144
159
172
187
200
208
221
237
250
260
269
272
282
291
288
282
298
311
328
350
364
377
374
359
336
316
303
294
285
268
245
225
220
224
233
245
255
250
234
217
200
197
186
163
135
107
83
61
40
25
12
-11
-30
-36
-25
-14
-16
-25
-32
-47
-52
-53
-30
-7
12
22
25
33
43
55
61
65
60
56
56
61
67
70
63
38
7
-17
-41
-54
-47
-45
-43
-47
-47
-49
-51
-44
-44
-48
-46
-38
-24
-5
22
49
70
73
70
67
63
36
6
-18
-37
-60
-96
-126
-182
-251
-309
-326
-304
-249
-159
-57
20
74
106
114
108
102
90
76
66
57
51
36
28
28
23
15
6
-3
-7
-3
10
28
47
64
73
78
62
38
7
-22
-38
-38
-25
-7
24
48
64
82
121
174
221
282
358
435
516
598
671
725
768
808
851
891
920
948
1005
1039
1084
1201
1341
1477
1604
1724
1844
1896
1923
1953
1968
1932
1856
1752
1622
1483
1381
1371
1503
1782
2201
2772
3543
4144
4934
6665
8809
11020
12990
14476
15387
15722
15519
14839
13777
12407
10817
9088
7275
5438
3609
1829
131
-1451
-2878
-4114
-5156
-6002
-6654
-7117
-7410
-7554
-7584
-7518
-7390
-7223
-7062
-6921
-6806
-6727
-6684
-6651
-6624
-6602
-6569
-6507
-6428
-6334
-6221
-6000
-5747
-5486
-5292
-5106
-4899
-4690
-4507
-4341
-4150
-3946
-3747
-3571
-3412
-3220
-3027
-2879
-2744
-2625
-2509
-2373
-2217
-2054
-1913
-1784
-1660
-1548
-1460
-1391
-1313
-1227
-1145
-1054
-963
-875
-781
-689
-598
-502
-390
-284
-189
-100
-25
24
61
85
105
124
142
150
149
147
140
116
98
81
59
33
9
-4
-14
-20
-21
-17
-13
-7
-9
-10
-10
-16
-19
-20
-21
-15
-3
6
9
14
21
29
29
38
55
70
79
78
69
65
63
64
63
58
52
50
48
49
53
54
55
55
52
41
34
36
39
38
51
63
75
81
81
73
61
52
45
44
60
70
82
104
113
121
124
121
105
66
30
6
0
22
59
88
100
103
104
99
90
77
61
52
52
54
57
78
95
106
120
130
131
142
148
153
155
169
179
176
170
159
129
99
79
71
85
107
123
128
128
129
129
119
114
99
80
78
90
101
103
103
101
96
82
66
82
107
119
126
130
132
132
129
129
117
97
81
81
91
107
121
126
123
130
140
135
129
126
119
106
99
103
111
117
119
117
120
124
127
135
146
155
154
148
156
150
133
113
93
78
73
79
95
104
102
110
114
116
113
106
113
113
107
93
86
83
80
77
77
92
108
114
131
131
124
116
120
137
153
159
148
132
116
104
96
94
87
79
73
76
78
77
71
61
62
73
99
125
151
160
151
133
118
103
83
83
89
92
98
94
94
99
103
104
100
99
101
103
108
113
116
111
100
85
68
57
66
76
80
81
86
97
114
128
131
117
102
91
88
93
95
94
91
91
93
94
99
95
85
80
78
79
89
108
124
132
128
127
123
103
85
65
50
48
57
78
100
108
107
106
112
122
130
133
137
143
148
151
155
154
143
133
132
139
144
136
133
131
126
118
116
109
116
127
131
124
113
112
123
129
131
144
153
151
151
157
154
144
132
119
108
111
106
90
74
67
66
60
54
49
50
51
51
47
36
22
7
-7
-21
-37
-52
-61
-60
-54
-71
-92
-104
-109
-110
-118
-123
-130
-134
-132
-145
-166
-180
-188
-211
-229
-236
-233
-228
-237
-256
-278
-297
-317
-341
-363
-374
-374
-377
-382
-391
-398
-403
-406
-408
-410
-409
-401
-394
-394
-390
-382
-382
-374
-357
-347
-351
-358
-359
-358
-340
-317
-300
-285
-266
-248
-235
-235
-219
-186
-147
-111
-94
-72
-46
-24
-4
19
38
46
64
82
96
107
127
148
159
157
151
153
156
150
145
157
161
164
157
148
146
135
127
119
121
118
125
146
161
168
177
167
148
138
130
124
122
132
138
141
145
142
138
129
111
91
76
67
63
59
58
74
95
92
81
79
70
53
54
60
59
61
56
44
38
36
29
12
-6
-9
14
40
63
81
82
85
87
72
55
51
40
37
42
55
58
56
54
44
31
18
8
-3
-9
-8
-11
-3
11
22
18
14
9
10
11
16
22
39
46
46
46
51
49
39
29
17
7
0
-2
1
6
13
20
29
37
37
31
25
19
17
17
19
15
7
1
10
18
22
26
37
42
41
39
47
54
43
30
20
12
9
11
24
39
59
73
76
72
71
64
43
17
-19
-41
-36
-22
-9
-1
6
7
11
15
20
30
31
26
19
21
23
26
21
9
-3
-6
-3
5
23
35
41
46
47
53
57
48
25
0
-25
-40
-48
-43
-35
-24
-9
8
2
8
18
33
53
71
74
57
45
30
18
9
-6
-14
-15
-6
9
25
37
28
17
14
11
7
6
-5
-4
-7
-1
8
13
29
40
46
47
43
43
33
22
35
47
55
57
51
44
37
29
21
18
19
22
20
21
15
-6
-29
-36
-40
-52
-58
-66
-68
-54
-39
-29
-17
-10
-5
6
16
20
21
25
31
39
37
36
42
37
31
24
14
20
27
26
19
4
-8
-13
-13
-16
-15
-10
-12
-18
-15
-7
-1
9
17
17
12
23
33
47
54
61
67
68
59
52
50
45
38
36
40
47
56
69
75
70
61
29
-11
-41
-63
-73
-84
-86
-79
-70
-44
4
61
127
203
272
334
399
442
484
457
359
203
10
-201
-434
-645
-807
-913
-960
-963
-935
-901
-859
-799
-722
-651
-580
-509
-430
-363
-314
-267
-225
-197
-178
-166
-153
-137
-104
-64
-31
4
64
120
158
183
197
201
204
207
208
213
222
230
242
258
263
261
260
274
286
295
308
322
331
332
332
320
302
282
281
284
293
296
281
267
253
237
225
217
213
211
196
188
193
202
210
207
194
176
163
159
146
131
111
104
97
75
43
6
-33
-56
-69
-72
-67
-59
-49
-38
-28
-18
-9
-3
-8
-13
-12
-1
18
37
56
72
76
74
65
52
38
34
25
9
-6
-14
-9
-3
10
-2
-19
-30
-41
-37
-21
-3
16
21
23
25
28
30
35
40
52
71
96
104
96
53
5
-36
-70
-139
-227
-296
-349
-357
-325
-244
-131
-30
55
112
147
164
171
170
166
158
147
126
107
86
68
50
26
7
-8
-13
5
12
6
-12
-14
-3
6
12
22
19
0
-9
-7
-4
3
1
-9
-18
10
43
78
125
195
273
342
411
486
555
617
667
714
765
809
844
880
923
970
1031
1095
1163
1241
1324
1409
1509
1557
1614
1727
1822
1880
1893
1860
1797
1707
1604
1515
1464
1488
1606
1833
2162
2600
3175
3954
4980
6238
7691
9218
10635
11781
12598
13086
13210
12970
12398
11532
10427
9136
7709
6202
4654
3296
2007
521
-962
-2314
-3499
-4498
-5286
-5870
-6276
-6527
-6663
-6720
-6707
-6643
-6562
-6489
-6439
-6410
-6274
-6123
-6131
-6208
-6173
-6115
-6138
-6160
-6145
-6081
-5972
-5812
-5606
-5362
-5088
-4824
-4596
-4387
-4206
-4029
-3839
-3653
-3474
-3299
-3131
-2959
-2799
-2646
-2513
-2390
-2282
-2170
-2054
-1924
-1791
-1671
-1562
-1479
-1409
-1333
-1244
-1149
-1043
-931
-829
-734
-632
-527
-427
-332
-242
-154
-73
0
59
117
172
201
198
198
199
187
163
126
85
49
21
-2
-15
-34
-52
-72
-89
-100
-104
-108
-106
-104
-101
-98
-83
-61
-32
-17
0
28
60
91
118
134
137
143
144
130
115
100
82
56
35
31
35
33
32
31
26
22
18
15
5
-8
-16
-11
-2
14
36
56
73
84
101
114
121
125
139
147
142
129
111
95
79
61
49
40
43
56
63
63
59
60
58
51
40
37
42
39
35
35
41
50
59
71
87
106
122
137
145
147
148
138
140
136
124
117
113
110
108
104
101
104
118
127
124
107
90
81
74
65
69
62
68
88
107
114
115
113
105
100
104
110
110
118
127
138
145
152
158
164
154
138
123
117
122
127
132
131
129
128
128
126
124
121
115
106
102
105
111
110
111
112
114
128
146
162
170
159
144
130
125
121
108
87
61
41
33
34
47
70
87
99
111
120
120
107
98
89
90
94
107
124
126
115
101
96
98
102
125
145
159
164
166
158
148
143
139
132
125
121
122
124
124
119
112
100
94
91
90
84
73
65
71
87
99
108
110
99
91
68
55
68
87
107
118
129
133
131
121
110
104
105
105
117
123
126
130
129
112
98
91
79
66
67
72
74
76
79
91
100
105
99
75
63
55
51
51
55
64
71
85
100
109
115
119
116
109
95
93
96
100
102
108
111
105
101
96
84
74
67
66
89
107
117
122
123
119
116
114
112
114
123
127
128
128
124
118
113
113
117
123
127
122
111
102
92
92
95
87
78
78
82
91
102
106
111
130
155
169
170
150
130
121
116
114
114
121
139
158
159
147
132
121
119
117
121
127
130
128
121
112
102
89
61
36
24
11
2
-3
-8
-26
-49
-60
-65
-67
-72
-90
-103
-103
-98
-96
-107
-123
-150
-174
-193
-216
-228
-232
-233
-228
-224
-236
-252
-268
-294
-323
-347
-363
-372
-377
-378
-372
-364
-370
-379
-379
-375
-386
-388
-378
-359
-347
-340
-335
-344
-358
-373
-376
-367
-355
-347
-352
-352
-341
-322
-307
-302
-292
-277
-263
-243
-221
-196
-167
-140
-122
-103
-80
-60
-44
-27
-7
23
52
76
95
114
127
133
129
121
119
124
131
137
146
152
142
149
165
174
174
165
158
155
159
167
172
167
155
140
123
110
118
127
139
152
166
177
180
174
159
133
116
107
102
100
99
102
104
101
95
84
72
61
53
44
42
47
50
66
86
94
88
79
71
65
71
72
67
63
63
62
61
64
63
56
49
38
32
26
33
47
47
32
17
7
7
8
29
37
40
38
37
37
35
31
25
17
6
17
22
23
26
26
24
27
30
31
28
19
13
15
18
20
28
28
24
21
16
11
6
1
-7
1
14
20
28
21
12
11
8
-3
-13
-22
-12
5
8
15
25
32
36
38
28
14
9
14
22
30
33
33
34
30
22
14
5
-3
-11
-12
-1
16
22
15
4
0
-4
0
11
24
38
48
47
48
49
48
41
20
3
-7
-9
2
12
22
33
46
43
36
22
4
-4
-15
-17
-4
8
5
-4
-8
-9
-12
-11
-3
9
5
1
-2
-1
1
6
21
31
25
14
5
8
16
16
14
15
22
22
16
0
-18
-29
-33
-28
-12
-6
-9
-12
-13
-2
13
20
22
23
20
23
31
41
41
28
14
-2
-13
-14
-15
-15
-18
-20
-10
-2
7
5
10
8
0
-12
-21
-21
-15
-19
-25
-30
-27
-20
-7
6
25
36
39
62
77
72
60
49
29
7
-5
-4
9
24
36
34
23
14
8
3
0
-8
-23
-17
-5
11
14
11
-12
-33
-50
-59
-46
-25
-8
15
23
25
39
43
48
46
29
12
5
22
48
67
78
81
77
70
66
53
32
21
12
5
8
18
25
20
9
-7
-33
-47
-46
-45
-46
-46
-43
1
49
111
184
251
325
396
460
500
502
440
324
152
-57
-285
-515
-729
-903
-1007
-1055
-1055
-1017
-963
-891
-806
-717
-628
-545
-467
-385
-311
-246
-189
-143
-109
-98
-83
-81
-83
-84
-72
-43
-7
23
49
73
93
101
103
97
103
129
158
194
242
281
305
317
316
311
318
333
339
337
354
383
408
424
421
409
395
377
354
327
303
285
267
250
235
218
196
174
160
156
145
139
147
153
157
153
143
131
120
107
97
86
69
46
41
28
15
4
-1
-4
-4
-20
-32
-33
-26
-16
-5
-12
-28
-24
-16
-3
9
16
16
21
23
37
42
46
44
36
27
23
36
48
58
52
52
54
49
32
15
-2
-23
-47
-59
-45
-30
-22
-11
-4
3
8
19
32
42
46
45
41
23
-17
-82
-148
-216
-289
-342
-354
-316
-249
-163
-63
40
113
159
192
208
211
206
186
163
136
106
78
53
28
-4
-27
-44
-56
-65
-64
-48
-27
-6
3
12
18
25
31
34
36
38
31
38
40
57
82
100
108
120
141
171
213
245
277
322
391
456
520
576
637
690
735
775
821
868
915
977
1037
1101
1174
1248
1320
1416
1529
1591
1645
1749
1847
1925
1986
2031
2046
2039
2034
2055
2116
2245
2440
2686
2976
3316
3723
4234
4578
4980
5835
6840
7794
8612
9300
9819
10131
10217
10061
9679
9097
8315
7374
6324
5189
3980
2715
1440
221
-748
-1598
-2511
-3358
-3954
-4393
-4856
-5245
-5554
-5776
-5929
-6056
-6136
-6191
-6217
-6210
-6188
-6162
-6023
-5866
-5742
-5740
-5759
-5752
-5694
-5594
-5447
-5263
-5059
-4863
-4681
-4507
-4343
-4188
-4036
-3888
-3762
-3624
-3489
-3358
-3224
-3088
-2956
-2812
-2664
-2506
-2351
-2195
-2036
-1887
-1754
-1624
-1506
-1396
-1288
-1180
-1072
-963
-849
-752
-661
-567
-469
-374
-282
-209
-153
-109
-77
-58
-47
-34
-27
-25
-24
-31
-39
-44
-55
-68
-79
-92
-92
-77
-51
-25
-11
-1
9
16
28
42
44
41
36
33
40
49
56
58
49
42
31
26
20
25
44
54
48
37
23
12
6
3
-2
0
3
11
23
48
73
90
91
83
78
71
64
60
69
76
81
85
85
83
66
51
49
61
78
103
120
102
80
72
63
56
42
25
18
19
31
47
60
70
65
56
48
45
68
91
109
125
130
135
138
144
143
127
111
98
92
95
101
107
111
109
106
102
88
71
69
66
62
62
71
84
92
92
71
50
45
61
84
98
109
124
138
148
146
135
123
113
122
130
139
142
137
130
116
104
91
83
84
82
74
80
92
104
115
118
115
119
125
128
132
140
141
138
150
168
174
161
144
133
127
121
121
125
129
129
134
134
118
98
87
79
71
64
63
56
62
76
81
78
81
76
50
38
47
51
60
71
97
121
131
126
108
90
75
72
79
89
91
91
90
99
92
81
78
94
100
94
101
108
109
107
100
88
74
64
58
77
107
118
120
120
123
129
131
133
125
112
105
102
105
111
116
121
127
130
124
116
110
103
92
79
68
75
88
95
76
63
62
65
72
79
96
115
118
108
94
84
79
77
77
80
84
84
84
74
67
70
81
94
102
97
75
53
40
47
67
98
108
103
101
100
102
103
94
85
77
72
72
76
85
92
107
112
108
102
103
109
115
121
124
124
126
124
117
114
114
119
129
134
144
150
141
144
143
133
121
120
127
131
134
146
159
161
159
154
150
151
147
142
136
142
152
135
108
75
57
58
54
53
63
72
83
99
104
112
115
108
101
94
91
86
80
89
99
92
64
33
7
-21
-61
-91
-106
-106
-100
-83
-78
-80
-81
-82
-90
-118
-166
-199
-221
-243
-259
-266
-268
-272
-275
-274
-281
-291
-285
-283
-284
-270
-254
-251
-259
-270
-274
-286
-291
-299
-328
-351
-368
-377
-385
-392
-395
-399
-408
-412
-407
-410
-398
-365
-327
-302
-304
-320
-333
-345
-350
-323
-290
-249
-202
-170
-146
-124
-100
-84
-73
-74
-74
-67
-56
-39
-15
9
26
43
59
76
85
88
92
98
106
111
117
124
127
118
107
109
127
138
149
167
181
191
196
200
196
177
151
125
112
129
144
148
143
132
117
101
80
73
78
76
69
60
60
70
76
73
67
64
71
78
92
102
106
127
138
143
144
143
118
90
67
53
48
49
56
65
71
71
45
15
-4
-2
-1
0
25
59
83
92
85
61
38
23
18
25
24
26
31
38
42
46
36
28
20
6
-5
-5
9
27
38
45
35
22
8
-3
-18
-29
-34
-38
-38
-22
0
6
4
2
-3
-1
0
3
13
28
47
53
54
54
41
35
32
32
29
26
25
29
25
18
18
14
9
4
13
23
28
17
17
32
42
49
44
38
26
21
31
45
54
51
57
62
62
43
25
6
-8
-16
-14
1
17
32
41
37
21
0
-9
-22
-31
-37
-39
-28
-15
-12
-17
-15
-11
-3
6
15
20
29
40
47
55
57
41
19
-5
-26
-36
-31
-20
1
18
34
33
23
11
-1
-8
-13
-10
-4
0
11
22
8
-9
-15
-20
-14
-7
1
14
27
39
49
44
43
44
34
25
19
18
22
31
39
37
24
15
-4
-22
-25
-31
-29
-16
-7
0
0
8
17
19
9
1
-1
-3
-5
-1
11
26
40
50
44
33
18
2
-11
-21
-21
-12
0
9
-3
-19
-9
6
-6
-15
-14
-2
9
23
24
17
16
16
14
13
12
9
1
-4
-6
-3
6
11
17
12
6
2
6
17
34
42
43
29
20
18
7
-2
-14
-32
-41
-39
-24
3
32
55
71
84
89
100
111
111
101
88
72
59
47
12
-26
-80
-126
-152
-161
-134
-76
8
92
173
236
306
375
420
431
404
320
178
-4
-212
-432
-638
-809
-929
-1010
-1042
-1029
-978
-905
-815
-719
-634
-554
-479
-416
-374
-341
-307
-266
-227
-182
-140
-105
-76
-57
-41
-13
13
32
43
69
92
104
127
155
180
198
226
254
269
281
302
317
323
327
335
339
336
326
312
325
346
362
380
378
348
329
320
307
288
259
238
218
203
192
198
203
202
202
200
196
192
193
193
194
194
187
167
145
125
98
70
42
21
8
1
2
0
-16
-33
-32
-35
-45
-50
-60
-72
-64
-51
-19
2
11
25
38
50
68
73
68
60
69
76
80
82
69
59
46
32
21
8
-4
-5
-5
-13
-28
-42
-50
-54
-61
-51
-35
-28
-15
6
30
52
74
87
84
67
51
20
-21
-56
-100
-169
-237
-283
-308
-300
-253
-163
-58
39
114
162
182
194
187
168
139
88
34
-8
-28
-30
-20
-8
-3
0
-6
-6
1
16
32
42
48
53
57
65
74
77
74
64
56
47
41
46
50
63
82
113
154
191
222
238
271
337
416
505
594
666
714
753
784
813
850
895
941
985
1027
1083
1151
1221
1290
1341
1396
1460
1518
1561
1583
1585
1576
1551
1500
1429
1367
1354
1430
1609
1880
2228
2645
3161
3848
4708
5747
6966
8294
9608
10806
11831
12624
13112
13269
13070
12534
11701
10608
9323
7898
6374
4794
3187
1598
292
-882
-1963
-3109
-4169
-5049
-5725
-6234
-6594
-6812
-6912
-6823
-6682
-6669
-6696
-6738
-6776
-6812
-6834
-6859
-6746
-6592
-6531
-6465
-6394
-6293
-6159
-5993
-5798
-5587
-5365
-5157
-4956
-4756
-4545
-4333
-4147
-3983
-3831
-3675
-3510
-3336
-3159
-2993
-2820
-2639
-2475
-2325
-2188
-2047
-1919
-1788
-1664
-1552
-1454
-1347
-1232
-1112
-1008
-912
-819
-744
-674
-591
-490
-382
-282
-194
-120
-61
-18
13
29
38
42
42
40
34
35
38
25
20
23
24
21
24
26
26
28
23
20
23
26
30
35
11
-10
-8
-2
9
19
29
31
20
8
3
-9
-18
-22
-17
3
31
53
52
56
64
64
63
65
68
77
92
106
115
117
116
106
98
91
86
79
74
75
78
76
63
52
63
77
76
65
66
69
70
69
70
69
67
70
70
70
76
88
99
103
101
93
93
105
104
102
104
101
98
98
111
123
132
135
133
123
110
100
96
108
104
106
106
108
102
91
85
81
78
77
83
96
117
136
140
145
142
141
142
131
112
96
84
80
83
88
96
96
96
102
106
106
104
101
93
93
100
113
117
119
120
120
121
125
129
140
150
154
154
155
152
142
128
115
105
106
109
104
111
113
105
88
79
77
93
107
111
113
122
129
139
138
134
121
107
96
88
89
95
102
109
123
132
141
141
142
136
124
118
114
112
114
113
96
71
60
60
60
43
28
19
33
58
83
95
101
102
105
115
124
129
133
135
136
132
134
135
132
134
124
97
73
73
83
98
114
127
135
138
137
124
98
89
81
86
108
123
127
120
109
98
98
104
111
111
100
91
91
92
99
92
76
69
65
64
66
69
78
86
96
98
97
109
114
102
82
64
55
61
61
68
78
88
94
96
85
79
94
110
118
124
114
119
129
136
143
131
115
107
105
101
103
104
99
87
73
62
52
45
39
46
56
73
92
108
132
143
143
137
128
125
124
126
136
153
166
175
177
170
160
155
162
174
181
182
174
147
122
102
97
90
93
96
101
103
96
90
97
107
108
98
82
65
56
58
62
69
76
89
101
110
92
62
36
18
12
20
24
24
16
-16
-43
-68
-87
-101
-108
-126
-144
-153
-156
-158
-158
-171
-185
-187
-177
-188
-212
-231
-239
-233
-224
-228
-238
-255
-274
-304
-324
-341
-344
-345
-352
-354
-349
-344
-362
-376
-385
-398
-412
-418
-408
-404
-393
-382
-373
-364
-364
-365
-354
-332
-306
-285
-258
-238
-224
-212
-203
-187
-173
-162
-154
-136
-118
-92
-67
-45
-30
-13
1
6
6
3
4
9
33
63
87
101
111
122
125
134
142
162
182
201
218
216
215
215
213
210
197
177
159
141
135
144
154
161
152
133
113
97
84
74
68
84
99
106
110
113
114
120
124
119
108
100
94
90
91
99
110
107
94
90
94
104
115
127
137
134
116
90
72
59
40
17
14
-3
3
13
26
36
42
46
43
43
44
53
58
61
63
71
78
77
59
46
38
27
19
16
17
13
11
13
26
44
50
42
29
15
3
-3
-4
4
13
18
19
8
6
7
10
13
18
28
38
41
37
41
48
47
45
27
31
45
54
47
36
24
19
16
17
18
8
-7
-21
-22
-7
10
16
21
16
13
15
21
30
35
35
36
33
27
15
11
-2
-16
-26
-26
-18
-10
13
38
53
54
49
39
25
14
1
-9
-19
-29
-38
-38
-34
-22
-6
0
-4
-2
12
21
22
21
21
27
33
35
28
22
19
17
18
22
27
36
47
53
57
55
41
19
-1
-19
-21
-17
-15
-23
-26
-26
-18
-5
7
9
8
19
44
53
57
56
45
30
7
-14
-14
-4
16
39
59
70
49
28
8
-7
-11
-5
1
-5
-5
-9
-10
0
-6
-18
-31
-35
-23
-4
8
18
25
30
34
31
26
22
19
7
2
7
17
27
32
25
18
12
4
-4
-1
-7
-7
3
22
36
41
32
20
19
19
22
21
20
17
13
13
16
27
25
22
19
19
24
29
39
53
60
41
25
14
2
-15
-32
-50
-61
-58
-50
-47
-47
-46
-38
-31
-25
-13
-9
-4
-5
-14
-16
-8
-2
1
0
-6
-13
-15
-13
-5
10
24
35
33
26
14
-6
-28
-58
-86
-103
-108
-107
-91
-65
-24
25
66
122
192
274
358
447
508
516
457
339
170
-36
-259
-467
-634
-763
-864
-922
-947
-940
-896
-835
-773
-706
-631
-556
-479
-406
-344
-291
-238
-181
-134
-84
-35
0
36
74
107
130
149
175
192
201
204
199
201
218
248
273
287
291
287
281
280
266
244
220
193
167
173
195
229
251
257
253
258
265
276
279
278
268
253
248
241
230
223
211
193
180
179
185
189
179
166
152
146
136
122
103
100
102
90
70
56
41
16
-7
-24
-35
-40
-38
-32
-25
-24
-21
-10
2
6
8
7
-14
-39
-51
-38
-6
30
54
56
35
16
0
-5
2
12
4
-5
-10
-14
-2
-11
-5
-5
-6
3
22
29
35
40
36
31
27
30
39
45
45
42
41
44
52
60
42
7
-20
-41
-57
-97
-171
-252
-310
-326
-311
-244
-152
-58
25
85
124
152
165
167
157
139
129
112
78
55
42
28
9
-8
-19
-18
-19
-19
-10
-7
-6
-5
11
32
46
37
24
15
8
6
7
11
14
20
32
49
93
137
179
249
341
430
502
545
592
646
697
747
802
850
878
890
920
957
993
1052
1127
1201
1272
1352
1454
1558
1645
1690
1689
1635
1541
1420
1295
1177
1083
1080
1195
1448
1665
1958
2656
3669
5040
6137
7399
9623
12064
14206
15769
16470
16594
16323
15632
14543
13124
11454
9607
7664
5700
3760
1888
108
-1550
-2811
-3857
-4740
-5659
-6462
-7059
-7462
-7697
-7804
-7791
-7700
-7573
-7435
-7318
-7224
-7149
-7085
-7036
-7013
-7010
-7001
-6954
-6876
-6774
-6632
-6444
-6207
-5935
-5651
-5357
-5072
-4826
-4610
-4406
-4216
-4034
-3850
-3667
-3484
-3307
-3140
-2981
-2792
-2610
-2456
-2344
-2259
-2172
-2065
-1941
-1824
-1719
-1635
-1535
-1436
-1339
-1236
-1132
-1033
-928
-818
-700
-581
-465
-354
-254
-166
-89
-17
55
122
176
204
217
223
220
201
185
163
119
73
42
18
3
-23
-50
-71
-80
-86
-93
-98
-114
-118
-107
-90
-69
-34
-20
4
27
49
70
93
111
137
167
187
188
188
182
170
149
109
71
41
27
32
35
35
30
16
-8
-30
-35
-29
-17
-7
3
11
14
41
63
70
65
59
60
83
111
126
145
161
177
181
173
162
143
122
106
98
93
91
92
92
87
74
75
77
73
71
68
75
83
98
97
88
83
82
87
94
110
131
148
161
164
165
168
167
167
160
145
130
121
113
114
120
121
105
89
75
62
63
61
53
58
84
111
130
140
135
123
103
86
74
67
64
84
104
121
135
149
140
120
100
85
76
81
95
110
122
130
125
116
105
98
97
92
90
81
79
95
103
114
123
111
98
92
99
115
131
141
150
158
168
158
143
117
88
71
61
73
94
99
97
92
85
77
68
72
77
78
75
79
92
91
81
76
76
77
89
93
94
102
114
130
142
143
143
143
140
137
133
144
148
147
142
134
131
122
102
80
62
50
38
45
78
104
110
110
110
107
103
94
89
102
114
123
123
120
117
109
102
88
76
71
73
78
88
127
151
145
137
129
121
110
100
91
89
84
82
90
98
101
96
91
88
85
89
101
105
111
124
139
150
158
154
138
120
94
85
98
118
135
140
130
131
133
117
105
101
92
75
69
72
74
73
79
82
87
89
94
105
119
131
139
147
157
154
146
136
123
108
95
89
91
105
122
126
123
118
117
120
118
125
111
104
111
125
134
134
143
147
141
129
115
110
111
115
126
139
152
164
164
149
131
121
112
110
112
112
100
87
71
54
38
19
9
-3
-13
-12
-1
18
24
19
13
-6
-27
-43
-64
-89
-95
-99
-101
-97
-106
-132
-159
-192
-215
-223
-226
-230
-230
-233
-250
-261
-281
-308
-327
-334
-328
-320
-321
-330
-346
-366
-387
-402
-410
-406
-405
-401
-387
-370
-374
-383
-391
-391
-385
-372
-366
-354
-332
-309
-308
-310
-308
-298
-292
-306
-319
-320
-310
-290
-269
-245
-209
-161
-116
-81
-51
-35
-23
-15
0
26
53
72
88
106
112
99
89
89
93
114
133
149
163
170
170
162
149
135
125
131
140
144
146
153
152
145
138
130
137
144
155
169
182
192
205
208
204
191
176
158
137
120
113
116
133
147
146
134
124
116
106
97
87
76
66
63
67
80
87
86
77
63
45
28
18
20
32
48
68
85
89
83
72
62
55
50
48
43
45
52
56
45
48
46
38
24
1
-15
-8
17
35
47
52
52
58
58
54
50
48
48
51
48
41
32
24
19
19
14
7
3
3
15
27
36
40
45
52
51
38
21
-9
-25
-19
-13
-9
-9
-11
-9
-1
9
17
38
66
80
88
87
86
86
69
57
51
45
39
33
32
27
21
17
12
8
4
-2
-3
-6
-6
10
26
33
31
30
27
25
7
-12
-15
-12
-7
5
21
27
29
31
37
35
32
24
25
32
39
42
32
19
9
0
-9
-25
-42
-60
-59
-53
-37
-13
-7
1
11
17
17
21
26
31
32
42
53
57
51
47
40
19
-2
-5
5
23
29
30
31
26
14
4
11
5
-7
-16
-26
-18
-3
0
3
6
-7
-21
-15
1
12
20
27
29
19
12
10
11
4
-9
-17
-13
4
18
28
34
39
42
45
27
5
2
3
15
36
43
37
34
32
25
13
0
-1
9
-3
-12
-7
8
8
5
10
20
25
28
29
37
49
53
47
30
32
41
45
33
14
-2
-12
-19
-6
9
17
16
7
-10
-26
-33
-29
-24
-16
-15
-3
-1
5
28
46
58
65
63
55
49
46
45
40
29
25
23
21
13
-2
-3
16
40
51
51
46
43
45
48
49
40
30
22
15
-5
-28
-50
-62
-70
-62
-25
27
100
187
262
335
407
458
493
490
438
368
251
38
-208
-454
-667
-837
-946
-1004
-1031
-1018
-968
-892
-803
-710
-634
-563
-501
-436
-379
-332
-299
-283
-267
-228
-180
-125
-78
-49
-25
-5
9
15
36
65
86
99
111
129
152
170
179
192
212
239
265
280
292
307
322
338
353
358
354
346
331
310
290
278
286
302
306
293
269
256
248
228
215
201
187
184
185
190
189
183
179
177
167
151
151
151
142
125
105
90
84
66
56
27
-3
-24
-35
-39
-24
-6
-6
-13
-22
-34
-38
-26
-25
-31
-22
-9
10
21
20
16
16
17
22
33
43
55
59
65
71
72
63
51
22
-20
-55
-74
-71
-52
-23
-3
0
2
2
0
1
4
10
14
20
38
56
53
47
32
8
-16
-42
-75
-115
-144
-180
-229
-269
-282
-248
-176
-81
6
67
111
146
162
163
146
113
77
43
11
-20
-43
-58
-53
-40
-22
-10
-6
-10
-10
-3
6
19
40
59
73
85
94
107
106
91
72
69
79
92
102
117
138
154
183
223
261
313
378
458
530
597
664
726
777
809
829
848
888
950
1031
1113
1205
1313
1413
1506
1618
1740
1847
1918
1943
1929
1869
1783
1676
1537
1385
1264
1234
1321
1562
1957
2486
3194
4167
5449
7008
8798
10667
12414
13816
14775
15264
15290
14882
14088
13024
11635
10020
8247
6408
4567
2766
1021
-627
-2130
-3450
-4582
-5514
-6243
-6793
-7165
-7384
-7518
-7560
-7519
-7421
-7297
-7187
-7077
-6972
-6885
-6815
-6784
-6775
-6763
-6715
-6632
-6525
-6398
-6249
-6059
-5834
-5582
-5320
-5050
-4804
-4602
-4414
-4231
-4045
-3862
-3694
-3538
-3379
-3240
-3118
-3001
-2872
-2735
-2581
-2409
-2246
-2092
-1944
-1809
-1687
-1577
-1480
-1373
-1258
-1131
-1010
-894
-785
-683
-583
-498
-420
-336
-246
-165
-94
-33
21
56
79
86
81
71
60
51
40
20
-1
-11
-12
-10
-11
-13
-13
-23
-31
-21
4
9
12
29
52
73
71
63
52
42
39
38
43
58
66
71
73
62
50
40
27
17
21
21
20
29
40
49
50
47
43
41
37
44
53
66
81
99
111
106
105
105
98
84
73
67
64
69
73
74
69
78
89
85
75
74
69
61
57
65
63
59
63
50
50
53
69
87
98
105
101
105
117
125
127
121
95
70
58
56
78
107
127
129
133
137
133
124
117
109
98
88
87
88
90
89
70
59
57
65
79
93
104
107
117
123
122
120
115
105
97
97
99
110
123
131
125
115
109
108
98
92
91
84
85
90
99
98
96
101
104
100
104
116
120
107
98
102
114
116
120
128
116
96
81
78
94
110
124
136
138
134
127
122
118
123
125
137
138
144
146
133
124
114
108
104
100
97
95
95
108
114
119
122
125
126
124
121
118
126
129
117
100
81
66
54
47
43
35
22
34
58
84
107
122
128
133
133
124
124
133
138
139
158
162
158
148
152
157
161
159
150
136
124
124
117
105
97
89
81
70
62
58
59
69
75
82
79
75
90
99
95
88
93
107
117
120
130
122
115
107
104
98
91
88
90
102
129
148
141
125
107
93
87
79
69
70
66
70
87
106
107
103
103
104
103
111
122
129
133
136
140
141
134
127
113
98
95
101
129
150
161
160
152
138
129
132
131
120
97
83
74
75
81
102
125
135
148
157
159
171
163
149
141
144
159
182
196
186
169
166
153
146
150
156
141
135
127
118
111
85
56
38
43
68
90
107
116
114
109
104
96
99
99
99
91
99
109
118
116
103
72
38
8
-14
-25
-36
-58
-77
-94
-115
-133
-149
-160
-167
-175
-183
-193
-205
-217
-226
-241
-275
-306
-313
-318
-324
-327
-322
-319
-305
-313
-327
-334
-334
-340
-345
-346
-348
-355
-370
-377
-372
-370
-381
-393
-409
-437
-453
-452
-446
-425
-400
-374
-354
-337
-325
-315
-307
-295
-283
-264
-236
-204
-175
-154
-151
-153
-154
-150
-140
-120
-96
-72
-47
-32
-29
-28
-29
-21
-10
-1
9
21
37
73
105
128
141
151
161
170
192
219
242
253
252
246
237
226
212
196
184
176
173
166
168
173
175
172
167
146
117
94
84
83
74
78
85
104
97
87
89
96
97
87
91
101
106
107
113
124
133
131
116
99
88
81
78
81
80
75
71
63
47
38
37
39
39
32
28
27
37
47
50
53
51
60
68
72
70
56
46
40
37
40
41
27
9
-7
-16
-9
6
22
26
26
24
23
27
25
19
18
10
3
8
15
17
15
14
7
-4
-12
-11
10
23
30
26
33
46
53
48
47
35
14
-3
-9
6
16
23
34
45
64
81
86
79
70
57
37
20
15
17
15
14
18
12
5
9
19
28
38
50
44
33
23
17
14
12
14
22
40
55
63
63
47
41
38
33
8
-23
-40
-46
-29
-14
-6
-7
-12
-18
-18
-20
-9
7
10
15
31
57
77
73
52
32
22
20
21
24
27
30
26
0
-29
-49
-50
-47
-40
-35
-29
-25
-14
2
6
10
13
11
8
6
5
-1
-3
5
13
27
38
35
39
24
1
-10
-4
9
25
27
17
6
2
0
-8
-6
-14
-18
-12
-1
0
-2
0
2
-3
-13
-10
7
22
30
44
47
51
64
57
50
34
12
-6
-10
5
27
32
30
31
32
30
29
22
13
0
-21
-37
-31
-15
-14
-18
-13
-14
-17
-40
-95
-159
-203
-202
-180
-161
-158
-146
-125
-104
-81
-64
-47
-30
-23
-33
-35
-32
-29
-23
-26
-47
-46
-30
-7
13
27
34
34
38
47
58
73
97
118
135
148
142
118
101
86
68
41
18
0
-12
-14
8
38
67
104
162
226
299
371
419
441
422
353
241
98
-102
-332
-560
-744
-880
-962
-983
-963
-910
-836
-766
-701
-629
-550
-480
-429
-381
-330
-282
-234
-185
-150
-127
-103
-79
-56
-33
-17
7
30
56
87
110
122
131
139
152
168
178
192
222
247
272
288
304
318
325
321
309
293
286
299
329
356
373
379
369
349
328
301
269
240
228
218
218
225
231
229
216
197
182
169
173
185
201
214
220
218
198
174
156
117
74
44
28
14
1
-10
-12
-16
-13
-10
-14
-31
-43
-46
-38
-30
-19
-13
-5
4
3
1
13
41
74
93
110
114
111
104
90
74
59
39
22
14
8
0
-12
-22
-35
-49
-62
-68
-72
-76
-74
-75
-56
-26
1
25
43
58
75
91
117
127
122
107
80
26
-61
-144
-203
-243
-299
-339
-334
-295
-218
-125
-39
31
84
118
134
138
132
122
107
84
64
52
48
50
46
37
28
23
30
29
27
39
62
83
90
88
80
60
44
35
26
17
25
30
23
17
29
41
69
122
172
228
297
370
440
515
591
652
692
724
768
813
842
862
904
971
1054
1140
1226
1311
1385
1456
1531
1618
1710
1776
1807
1808
1771
1714
1629
1513
1388
1294
1277
1372
1607
1957
2412
2990
3751
4762
6007
7453
8999
10504
11805
12806
13220
13307
13225
12862
12174
11181
9942
8505
6952
5339
3712
2109
549
-908
-2221
-3376
-4365
-5170
-5799
-6266
-6584
-6767
-6848
-6844
-6793
-6723
-6674
-6629
-6574
-6514
-6457
-6412
-6392
-6364
-6320
-6263
-6188
-6086
-5960
-5814
-5649
-5467
-5253
-5009
-4771
-4567
-4402
-4228
-4052
-3880
-3706
-3536
-3372
-3215
-3067
-2921
-2784
-2648
-2496
-2344
-2205
-2065
-1917
-1772
-1632
-1505
-1398
-1290
-1181
-1080
-991
-904
-822
-745
-666
-589
-515
-441
-366
-298
-237
-167
-104
-54
-29
-20
-13
-3
4
15
27
35
43
50
53
56
54
53
58
68
76
79
81
69
63
47
18
-8
-24
-29
-21
-11
-3
-11
-10
-9
-13
-26
-27
-32
-32
-24
-8
13
29
43
54
56
57
64
86
106
118
121
104
94
86
86
95
89
78
73
75
76
64
43
42
49
62
70
69
57
52
50
49
61
62
56
47
46
41
38
39
44
78
107
125
150
163
155
142
135
130
129
129
121
108
101
98
97
98
94
87
75
65
65
56
63
72
91
109
109
107
104
100
103
102
101
100
100
104
111
120
126
125
117
106
98
93
94
97
97
97
100
102
100
97
94
87
73
71
96
116
125
123
114
108
107
103
101
105
117
136
142
151
142
145
137
136
127
115
106
105
114
119
127
125
132
139
140
129
119
93
82
98
113
115
111
102
99
99
105
111
130
142
135
132
145
161
163
152
137
115
94
79
84
87
93
104
111
91
70
56
47
42
43
39
54
69
82
99
105
103
106
107
107
111
119
124
125
121
123
129
128
131
131
127
121
119
122
126
136
136
135
132
124
112
104
95
85
76
78
80
90
110
115
107
96
91
89
98
115
127
127
122
121
128
128
123
111
97
91
89
93
98
102
103
101
98
93
92
87
81
69
55
55
59
70
79
82
81
78
85
95
115
129
136
142
154
155
143
127
108
90
76
66
79
89
95
111
132
135
141
142
134
122
108
94
89
100
110
121
123
125
121
129
137
142
139
128
117
111
123
131
130
123
107
95
97
107
136
152
165
167
155
155
150
143
131
120
126
137
140
136
127
116
116
115
111
121
127
135
136
141
142
138
133
120
99
74
39
10
-8
-19
-26
-30
-34
-43
-57
-75
-92
-105
-123
-140
-151
-141
-142
-155
-170
-172
-179
-188
-197
-213
-223
-220
-222
-222
-223
-235
-253
-267
-280
-299
-332
-358
-377
-404
-419
-419
-408
-412
-419
-431
-448
-455
-450
-444
-415
-391
-377
-366
-366
-368
-368
-369
-362
-348
-325
-295
-267
-239
-217
-205
-206
-214
-210
-196
-179
-163
-154
-144
-130
-109
-90
-75
-66
-54
-37
-25
-20
-14
6
28
47
63
78
88
96
113
128
140
152
180
211
233
237
239
243
229
198
169
151
144
148
157
164
162
151
138
127
118
99
89
99
107
121
129
129
128
122
117
119
128
131
121
116
115
107
94
84
77
73
71
72
76
75
78
82
90
84
79
69
54
36
22
13
-6
-16
-15
-5
0
8
15
35
50
61
78
94
101
100
103
99
83
70
72
69
64
60
59
61
49
33
27
25
18
12
8
-2
-20
-33
-27
-12
9
11
9
10
-2
-12
4
25
39
46
41
32
26
23
16
12
3
-4
-8
-1
18
30
37
50
57
60
52
51
53
66
67
56
39
37
36
26
19
9
-1
0
14
30
33
42
54
67
76
72
69
56
30
6
-3
2
18
32
41
40
24
5
-12
-21
-19
-16
-18
-5
14
31
36
37
33
18
10
5
16
23
24
33
45
55
61
64
58
43
29
19
15
18
31
40
44
44
36
25
6
-14
-24
-18
-22
-17
0
5
6
6
4
1
-4
3
20
30
34
37
38
38
26
12
3
-1
-2
-9
-8
0
7
2
-3
1
6
5
4
3
0
8
22
35
33
19
9
1
-6
-11
-6
-3
6
16
24
28
29
25
25
15
2
-7
-12
-6
3
10
12
11
5
1
2
-1
-17
-38
-46
-41
-21
0
13
22
24
18
9
1
-1
3
8
20
30
39
31
25
15
6
3
-1
2
18
39
49
28
0
-17
-32
-35
-35
-39
-40
-32
-15
5
16
19
26
27
23
19
20
24
32
53
72
90
90
81
71
65
58
53
46
40
37
19
-5
-24
-33
-50
-69
-82
-91
-97
-103
-96
-83
-57
-14
49
139
238
320
386
444
494
514
470
360
195
-10
-251
-479
-687
-864
-992
-1042
-1031
-1008
-964
-904
-834
-755
-667
-578
-494
-421
-356
-302
-255
-218
-190
-164
-143
-129
-110
-75
-38
12
55
87
107
125
142
152
163
170
163
169
194
223
262
294
303
298
294
303
309
319
328
326
315
315
336
350
348
348
341
323
318
311
309
302
294
285
272
254
235
221
195
171
157
151
145
142
138
138
138
135
132
124
107
83
61
46
30
14
5
5
-4
-23
-37
-43
-48
-53
-44
-28
-6
15
25
32
34
35
31
31
41
53
65
65
54
24
8
-1
9
10
12
10
3
2
16
30
38
34
23
-2
-23
-41
-46
-42
-41
-31
-9
14
17
20
33
44
49
52
62
67
56
16
-45
-115
-181
-246
-311
-359
-360
-314
-230
-129
-25
61
126
167
186
187
180
170
144
112
91
80
73
68
53
36
17
3
-8
-6
7
24
36
26
6
-11
-25
-33
-34
-31
-29
-26
-12
21
53
66
66
65
75
104
145
189
232
283
352
429
507
574
638
694
741
762
767
793
824
860
904
952
1001
1034
1072
1131
1211
1311
1424
1549
1664
1712
1725
1763
1803
1833
1839
1840
1856
1833
1841
2069
2404
2783
3185
3636
4186
4844
5618
6475
7370
7931
8375
9042
9690
10156
10394
10369
10081
9548
8799
7883
6830
5668
4427
3136
1833
569
-607
-1515
-2277
-3087
-3813
-4410
-4892
-5267
-5529
-5697
-5797
-5881
-5957
-6013
-6055
-5968
-5867
-5921
-6023
-6105
-6162
-6177
-6146
-6080
-5971
-5830
-5665
-5472
-5250
-5016
-4800
-4600
-4403
-4218
-4032
-3854
-3707
-3582
-3456
-3321
-3154
-2984
-2829
-2687
-2558
-2433
-2319
-2201
-2072
-1923
-1776
-1661
-1567
-1479
-1384
-1278
-1168
-1072
-980
-901
-820
-733
-636
-532
-423
-317
-219
-150
-86
-26
24
65
91
110
130
132
122
112
100
71
41
3
-31
-55
-59
-68
-79
-91
-101
-99
-91
-78
-78
-80
-79
-60
-35
-10
4
5
18
38
63
87
109
108
110
118
126
124
110
84
64
50
40
33
25
21
19
24
32
23
14
5
-12
-7
9
28
45
49
46
44
45
47
45
44
51
68
95
125
152
168
170
150
139
126
109
94
75
60
55
54
56
59
61
62
66
70
68
62
58
58
58
65
75
84
95
104
110
111
117
121
119
128
130
137
137
134
131
119
110
122
140
153
158
151
135
116
102
91
76
65
54
46
42
43
53
53
58
77
89
94
103
109
109
106
100
112
126
132
135
133
122
109
98
90
86
105
129
148
151
144
132
119
103
98
88
81
84
97
108
108
105
107
112
119
135
152
156
153
157
154
143
122
101
84
69
59
59
67
82
97
106
117
118
110
89
63
39
27
28
37
39
43
48
59
82
100
113
125
132
136
138
147
158
166
160
145
128
112
94
87
95
113
121
121
109
96
99
98
92
74
41
33
47
61
77
86
85
87
97
106
112
126
135
137
140
143
144
146
146
135
115
98
88
85
91
100
105
106
94
91
89
84
83
76
58
45
38
43
52
54
55
56
63
72
79
92
109
124
133
133
121
107
98
92
84
71
64
70
81
88
92
99
99
93
70
58
43
29
20
37
59
86
108
116
112
100
107
124
130
137
145
154
154
147
145
145
146
141
125
113
117
129
148
159
156
150
137
122
112
101
97
91
93
90
98
114
116
106
105
103
102
109
109
107
113
134
145
157
166
171
158
143
137
132
127
122
115
107
101
101
98
92
83
70
50
29
9
4
12
21
29
23
13
4
2
-8
-19
-19
-27
-36
-54
-83
-111
-141
-170
-210
-228
-231
-224
-222
-229
-234
-243
-273
-296
-317
-334
-336
-329
-318
-316
-314
-320
-334
-342
-355
-366
-374
-380
-381
-375
-357
-345
-348
-353
-368
-389
-398
-402
-393
-383
-375
-367
-360
-346
-327
-322
-322
-320
-313
-305
-291
-266
-236
-203
-172
-147
-114
-82
-51
-49
-54
-45
-20
17
50
79
99
115
125
123
107
101
111
122
133
135
130
120
104
102
103
106
101
96
101
106
115
118
116
117
123
130
136
147
151
151
148
142
141
143
142
136
121
105
92
84
90
103
116
120
118
113
104
93
88
84
73
64
63
61
55
48
53
57
59
61
67
74
80
83
85
86
86
67
54
46
31
23
22
32
47
63
68
62
48
42
37
32
25
15
8
1
6
11
13
11
9
-2
-14
-19
-2
15
21
29
46
56
54
57
50
35
17
0
-13
-23
-23
-19
-7
8
17
22
23
24
23
16
15
14
19
26
24
18
4
-3
-2
4
26
49
69
80
85
88
82
76
64
41
23
14
11
19
17
12
12
25
35
36
32
18
17
16
12
12
15
14
14
14
12
10
20
31
37
45
53
70
73
65
51
33
3
-19
-24
-22
-17
-10
-3
2
6
8
10
9
6
10
14
15
21
29
21
0
-17
-28
-28
-17
-2
7
17
31
52
67
72
75
75
62
50
39
29
19
5
-10
-17
-27
-32
-35
-40
-46
-51
-49
-39
-29
-13
0
11
18
17
14
13
16
21
30
31
36
43
52
49
34
24
21
19
15
15
11
6
4
-3
-7
-12
-22
-38
-46
-58
-63
-65
-57
-38
-24
-13
-5
15
29
32
33
35
35
33
23
12
1
-3
-9
-20
-28
-25
-9
16
36
51
44
33
23
13
5
-1
-7
-17
-15
-15
-18
-24
-30
-27
-31
-32
-27
-13
-3
-3
1
7
2
-5
-10
-14
-24
-30
-27
-15
14
48
61
53
35
27
24
22
21
15
-21
-53
-70
-81
-88
-97
-98
-93
-94
-106
-126
-147
-151
-114
-37
43
127
227
308
378
438
481
496
470
391
301
163
-65
-323
-570
-786
-938
-1039
-1087
-1095
-1063
-999
-916
-825
-723
-614
-512
-422
-338
-262
-193
-134
-84
-36
5
27
42
55
64
68
71
79
114
151
178
193
200
219
241
260
267
262
255
251
247
254
255
257
267
288
305
319
347
369
378
374
371
368
360
352
346
330
309
286
264
248
239
232
228
213
198
185
163
150
149
138
132
125
118
104
90
77
57
38
27
32
39
43
50
47
49
53
47
28
4
-28
-52
-59
-49
-37
-28
-22
-9
14
38
43
41
41
40
29
22
20
29
29
23
16
-5
-21
-19
-10
3
15
24
32
38
44
43
20
-9
-31
-41
-39
-28
-8
14
31
54
64
78
82
74
47
15
-35
-104
-173
-240
-305
-345
-357
-344
-293
-198
-74
37
119
183
218
233
230
203
165
128
105
95
81
63
42
13
-8
-11
-9
-15
-35
-51
-54
-53
-46
-21
3
12
16
17
23
28
29
31
31
32
33
52
73
99
121
159
214
280
353
438
527
591
641
685
729
770
805
839
851
855
872
909
954
1009
1069
1133
1199
1271
1354
1450
1499
1534
1595
1618
1633
1669
1697
1695
1675
1677
1732
1864
2080
2355
2658
2986
3405
3967
4369
4860
5914
7160
8396
9553
10555
11336
11864
12099
11920
11454
10766
9854
8738
7468
6096
4641
3157
1712
337
-940
-2090
-3077
-3914
-4596
-5146
-5566
-5880
-6107
-6248
-6343
-6408
-6461
-6494
-6526
-6549
-6564
-6585
-6594
-6573
-6520
-6430
-6326
-6186
-6011
-5828
-5642
-5427
-5199
-4975
-4769
-4585
-4395
-4208
-4045
-3898
-3769
-3640
-3516
-3395
-3264
-3130
-2959
-2786
-2617
-2460
-2309
-2173
-2039
-1916
-1815
-1708
-1594
-1477
-1364
-1268
-1169
-1062
-948
-829
-712
-586
-462
-346
-238
-140
-62
-8
17
25
28
31
31
28
23
-2
-20
-20
-27
-38
-49
-57
-72
-93
-102
-88
-69
-48
-35
-23
-18
-24
-21
-9
10
39
70
82
85
84
82
78
65
40
18
8
7
15
31
48
59
52
47
44
40
22
14
8
15
30
49
58
55
50
47
49
60
81
98
105
101
106
119
125
124
119
116
106
86
69
58
52
51
46
35
43
61
69
69
66
60
62
65
78
101
108
94
88
85
88
98
101
104
111
127
130
122
121
128
130
125
121
124
124
125
135
139
113
89
77
69
64
58
52
58
73
88
103
108
107
96
98
104
105
107
103
98
96
118
134
135
136
136
133
131
131
134
142
152
160
149
130
114
99
88
79
59
42
41
59
77
94
106
104
99
94
91
103
117
122
133
145
156
164
160
144
126
113
106
108
115
122
129
137
143
148
141
125
109
92
68
57
52
67
85
97
102
101
96
88
82
72
75
78
83
95
109
108
109
113
105
100
99
103
114
120
122
117
107
104
98
94
90
74
67
55
49
49
58
70
77
75
68
71
100
122
136
137
142
147
149
146
140
121
101
87
80
74
82
93
99
104
103
92
77
62
57
54
63
80
97
104
106
94
79
72
76
87
101
107
108
111
106
109
116
113
103
91
81
79
80
88
101
94
72
67
74
80
89
89
72
66
79
93
97
93
85
77
63
58
58
65
74
84
92
102
118
132
141
141
129
120
118
124
132
125
134
143
148
133
120
110
105
102
109
117
130
141
146
148
139
125
113
109
110
105
109
118
126
134
139
143
141
133
129
123
114
101
86
85
88
84
79
67
56
47
38
36
50
63
82
99
115
121
113
94
59
25
3
-8
-11
-10
-18
-31
-40
-47
-57
-73
-83
-96
-104
-121
-133
-142
-153
-155
-164
-173
-183
-194
-214
-233
-241
-245
-242
-247
-261
-278
-299
-325
-337
-336
-333
-327
-330
-344
-362
-368
-358
-350
-338
-331
-323
-321
-326
-334
-347
-371
-390
-400
-408
-416
-407
-390
-375
-352
-324
-294
-261
-228
-192
-157
-137
-126
-122
-116
-101
-86
-70
-61
-56
-54
-54
-39
-29
-28
-11
12
32
54
73
84
90
88
84
84
95
110
122
133
149
159
163
171
181
194
205
216
223
222
206
197
190
181
171
147
130
106
88
83
84
90
95
98
98
98
97
95
85
69
60
69
74
85
88
88
100
107
110
111
114
127
132
135
148
161
148
130
106
76
38
10
-2
7
26
48
60
51
51
56
55
50
37
26
22
25
33
43
40
41
38
31
29
33
49
67
78
78
89
88
81
60
46
33
25
19
17
23
24
23
19
18
7
-8
-20
-17
-15
-5
7
17
32
39
31
18
5
-7
-3
22
53
80
85
84
74
58
50
46
39
23
9
5
12
9
-2
-7
-7
-1
4
7
8
2
-8
-4
9
20
24
22
15
8
6
8
21
38
49
56
59
54
57
41
26
12
3
-1
2
4
7
24
37
29
21
10
-2
-12
-25
-36
-35
-35
-32
-17
-4
8
-3
-24
-31
-28
-23
-17
-11
-8
-4
8
26
32
27
20
7
2
14
32
58
81
94
85
53
18
-1
-8
-24
-32
-29
-16
11
29
35
33
17
-1
-19
-4
18
30
35
37
40
39
41
37
29
24
21
21
22
29
36
30
25
8
-12
-29
-35
-31
-24
-16
-4
8
17
22
22
5
0
3
9
6
5
9
11
11
18
16
7
-3
-10
-13
-11
-5
5
17
26
26
17
3
-13
-31
-49
-68
-82
-86
-82
-60
-51
-39
-34
-31
-19
3
22
35
29
26
34
43
41
37
26
-1
-29
-38
-33
-21
-8
-4
-6
-13
-22
-30
-37
-42
-47
-51
-47
-17
38
109
193
287
377
437
442
421
339
207
24
-201
-429
-613
-728
-786
-824
-838
-824
-771
-691
-609
-531
-458
-395
-340
-298
-265
-242
-214
-202
-194
-164
-113
-66
-28
0
20
47
87
127
164
192
223
258
286
306
322
328
322
305
287
276
268
264
251
234
210
190
177
167
168
173
186
204
209
225
244
257
257
242
213
186
168
164
166
165
166
175
192
196
191
188
172
155
141
137
152
166
174
156
134
114
95
90
84
79
64
57
51
43
28
9
-7
-25
-40
-48
-39
-28
-21
-16
-1
9
8
0
-5
-7
-8
-8
-5
2
7
10
18
24
27
35
35
21
2
-12
-30
-39
-38
-36
-37
-38
-40
-41
-43
-37
-11
17
29
42
55
67
78
100
117
104
74
30
-17
-61
-97
-153
-232
-301
-346
-346
-316
-255
-169
-65
33
106
148
173
178
163
142
118
95
77
58
45
55
52
43
32
25
24
23
26
26
20
23
26
28
30
25
16
7
-4
-10
-3
7
14
35
57
85
114
148
187
232
282
358
436
508
571
634
692
746
793
813
827
843
871
916
967
1018
1083
1166
1244
1316
1399
1499
1599
1673
1701
1698
1651
1566
1456
1312
1146
1014
897
860
1105
1545
2128
2856
3791
5026
6574
8408
10431
12443
14201
15517
16339
16632
16392
15671
14541
13083
11391
9533
7590
5628
3708
1864
118
-1508
-2955
-4205
-5254
-6093
-6741
-7205
-7490
-7655
-7712
-7677
-7582
-7467
-7363
-7270
-7190
-7120
-7073
-7061
-7070
-7072
-7045
-6990
-6902
-6779
-6624
-6429
-6216
-5980
-5717
-5426
-5155
-4926
-4732
-4542
-4339
-4126
-3919
-3740
-3563
-3394
-3214
-3042
-2884
-2745
-2614
-2460
-2293
-2138
-1997
-1866
-1725
-1604
-1522
-1446
-1367
-1278
-1174
-1073
-968
-869
-778
-690
-586
-475
-362
-261
-178
-95
-28
28
73
102
126
142
149
143
128
111
89
69
72
63
39
14
-8
-19
-30
-36
-29
-33
-36
-43
-44
-32
-16
-9
-15
-10
0
8
21
41
43
34
30
32
32
33
45
62
87
95
98
101
94
84
80
80
81
79
80
82
77
67
52
39
27
20
18
15
15
29
48
68
89
99
101
101
94
82
71
63
65
75
88
103
111
112
105
95
87
83
87
100
115
123
121
120
109
103
97
93
86
79
76
75
84
101
115
113
109
105
95
86
89
91
106
126
127
124
125
123
125
124
131
150
166
172
161
138
115
94
80
69
59
61
63
67
80
94
109
120
120
116
108
98
92
95
102
105
114
125
132
131
127
127
122
117
114
116
123
134
136
133
124
114
95
84
79
80
83
91
95
103
111
116
118
120
122
122
121
124
125
129
126
113
113
114
115
120
120
114
106
100
102
112
123
136
145
149
142
129
109
99
95
96
84
91
97
92
87
95
102
106
112
123
130
136
126
123
127
133
130
121
104
94
89
92
103
117
123
125
113
123
129
125
112
101
99
99
96
92
86
77
66
55
53
59
71
90
108
121
132
143
152
158
152
117
83
78
88
100
111
115
109
106
105
104
90
69
47
29
49
73
98
105
111
114
113
107
99
97
102
109
114
122
122
116
115
114
104
95
91
89
100
107
103
99
98
95
93
89
82
72
55
47
47
52
69
82
85
84
86
91
101
110
120
131
141
151
161
176
161
134
113
102
105
118
135
144
146
142
142
148
138
134
133
136
136
133
134
139
143
135
123
110
104
99
96
89
87
100
125
149
168
179
168
140
111
96
78
57
44
42
41
28
9
-21
-58
-78
-92
-109
-114
-100
-86
-84
-94
-98
-101
-101
-104
-107
-118
-130
-140
-145
-152
-157
-171
-188
-214
-238
-255
-264
-259
-246
-245
-262
-289
-312
-325
-341
-361
-377
-387
-394
-406
-411
-412
-411
-414
-434
-448
-440
-422
-407
-397
-386
-372
-360
-340
-316
-298
-287
-278
-277
-268
-237
-212
-194
-179
-163
-153
-146
-143
-147
-140
-122
-96
-66
-41
-17
4
38
74
101
121
135
144
148
153
160
164
170
181
178
173
171
160
155
154
155
162
171
176
175
171
163
152
134
119
114
117
128
136
136
134
135
137
145
150
153
158
165
166
166
164
161
157
152
125
96
69
56
68
91
112
124
126
124
117
103
96
92
82
72
63
65
68
68
57
46
36
28
31
44
65
84
99
110
118
111
83
57
44
32
26
27
32
44
49
39
28
17
14
29
41
47
37
20
10
3
-2
-5
-7
-10
-9
-6
12
36
56
69
78
83
78
71
54
39
25
14
2
-6
-9
-10
-8
-14
-14
-9
3
7
10
15
37
56
66
64
54
44
31
21
20
22
24
27
33
43
55
65
58
37
11
1
5
13
13
16
22
22
12
10
3
0
-5
-10
-19
-16
-11
-3
2
-6
-8
-9
-7
0
8
9
21
32
46
56
64
63
51
39
22
8
0
5
15
26
34
34
29
14
-3
-23
-38
-49
-44
-18
11
35
46
43
32
17
8
-5
-2
12
30
32
32
32
32
38
46
48
49
50
46
38
38
41
25
-4
-22
-32
-39
-45
-51
-56
-41
-18
-1
8
15
8
-13
-30
-27
-9
-4
-16
-12
-18
-16
-11
-10
-8
-4
-1
-3
8
24
36
41
46
47
38
28
16
-6
-24
-33
-28
-23
-19
-13
-10
-7
-8
-11
-8
7
31
37
43
50
58
66
64
50
37
27
20
15
15
21
27
27
18
6
-7
-10
-14
-18
-31
-30
-19
-3
19
35
36
34
36
39
31
22
25
35
46
39
27
14
3
-7
-13
-17
-21
-19
-13
-6
-1
-15
-29
-37
-37
-49
-54
-53
-53
-41
-38
-38
-37
-38
-38
-33
-27
-20
-4
13
27
33
28
17
10
9
-2
-14
-23
-24
1
41
87
131
183
250
311
369
417
440
437
393
294
134
-83
-332
-550
-718
-834
-901
-937
-938
-890
-817
-731
-637
-543
-469
-406
-352
-308
-276
-250
-220
-173
-127
-105
-75
-46
-11
18
45
77
109
131
145
170
199
228
249
274
292
299
295
304
313
316
313
300
280
261
245
229
211
181
166
178
196
213
229
250
255
242
218
196
171
144
117
97
92
89
94
99
93
90
97
112
125
143
163
183
188
196
194
185
182
172
140
112
89
75
65
55
39
21
2
-23
-47
-66
-85
-106
-116
-107
-98
-69
-39
-3
19
31
37
32
32
37
45
50
41
29
30
24
16
11
2
-3
-6
1
9
14
14
3
-15
-30
-42
-48
-55
-57
-53
-39
-27
-13
4
22
36
47
54
59
56
34
4
-38
-101
-165
-230
-281
-309
-309
-272
-191
-93
13
88
146
170
176
165
143
118
98
76
52
36
24
16
9
1
-3
-5
-4
-1
16
34
45
52
63
76
86
84
76
61
52
38
27
44
65
77
82
87
107
131
156
194
248
311
386
471
562
640
701
749
791
816
843
871
901
959
1025
1099
1185
1235
1279
1371
1491
1623
1742
1826
1842
1821
1773
1692
1590
1466
1335
1247
1241
1343
1576
1935
2430
3105
4042
5283
6820
8603
10499
12301
13781
14824
15397
15478
15095
14311
13169
11761
10144
8383
6557
4719
2909
1156
-499
-2003
-3336
-4499
-5460
-6217
-6781
-7170
-7402
-7522
-7541
-7470
-7347
-7220
-7116
-7030
-6971
-6925
-6884
-6850
-6802
-6750
-6694
-6611
-6493
-6351
-6186
-5996
-5782
-5546
-5293
-5058
-4829
-4627
-4460
-4299
-4142
-3974
-3795
-3610
-3437
-3272
-3119
-2975
-2839
-2700
-2548
-2394
-2241
-2100
-1948
-1796
-1652
-1512
-1393
-1282
-1168
-1067
-966
-869
-786
-697
-613
-530
-449
-361
-269
-191
-127
-75
-51
-34
-24
-18
-1
17
30
26
32
34
42
48
49
39
32
29
27
24
27
36
50
65
76
68
57
48
41
28
14
8
13
-2
-22
-26
-28
-36
-37
-21
-11
-16
-17
10
43
64
69
65
64
65
69
74
90
105
112
117
118
114
102
92
85
74
70
67
65
67
73
76
76
71
69
65
60
60
58
54
50
43
42
51
57
70
79
78
84
98
115
121
128
130
131
142
142
143
135
117
107
108
117
131
142
149
139
120
104
93
83
76
62
62
68
79
88
105
114
120
118
111
103
95
101
104
102
104
115
120
123
131
116
93
82
84
96
112
127
125
125
121
110
105
106
98
87
76
79
84
97
96
89
84
84
85
78
71
78
98
128
147
148
141
127
118
113
112
117
127
136
141
139
130
115
98
87
80
74
75
80
97
112
122
126
126
118
117
120
120
115
117
136
146
153
143
134
138
133
117
95
80
79
87
95
100
107
116
120
111
102
79
65
70
69
80
94
87
83
83
90
100
110
119
143
168
174
174
178
170
149
128
111
101
98
98
99
113
111
112
111
102
97
88
69
49
36
43
54
84
105
112
119
115
105
100
103
113
114
126
138
142
147
148
141
131
124
121
114
116
124
130
133
128
114
94
77
63
53
42
50
67
85
100
112
104
87
68
50
50
54
56
56
61
77
104
121
128
127
121
115
114
113
111
115
131
130
123
106
84
80
80
83
88
90
100
109
129
145
148
149
151
155
166
170
166
154
141
146
155
151
141
129
131
137
145
158
163
169
179
185
176
161
144
127
119
117
120
120
129
135
138
130
118
105
97
109
124
122
108
104
99
92
84
61
32
12
-4
-5
2
11
1
-17
-30
-38
-54
-72
-100
-123
-142
-158
-168
-170
-176
-190
-204
-210
-210
-216
-238
-260
-267
-257
-253
-245
-248
-255
-283
-316
-333
-345
-357
-369
-383
-390
-396
-394
-393
-388
-390
-405
-428
-448
-454
-443
-429
-415
-402
-402
-411
-407
-403
-395
-384
-361
-335
-302
-267
-237
-215
-201
-198
-193
-198
-191
-172
-149
-128
-107
-77
-47
-34
-29
-22
-20
-21
-13
14
41
65
79
92
110
123
129
143
155
166
184
190
188
184
184
181
199
210
202
194
190
196
198
194
185
165
146
137
130
133
122
108
104
106
105
99
85
71
57
51
50
65
92
106
112
123
143
161
157
153
142
125
110
102
96
90
81
73
61
52
53
55
58
59
58
57
59
74
86
73
50
24
2
1
4
7
20
37
53
68
87
86
75
71
64
39
21
11
10
19
31
41
40
22
1
-19
-12
-10
-6
8
27
49
52
40
35
32
28
18
19
26
31
38
38
41
50
47
42
24
8
-1
9
27
43
52
49
35
14
-7
-25
-31
-33
-34
-23
-6
9
15
14
16
25
36
38
32
39
49
53
46
39
36
30
27
23
18
17
16
19
26
30
32
41
47
51
43
11
-19
-37
-44
-39
-27
-13
-1
11
12
9
8
11
16
11
10
18
31
31
25
22
20
14
6
-4
-12
-11
0
12
21
24
24
22
16
11
8
-1
-12
-18
-19
-21
-31
-39
-34
-19
4
29
51
65
72
78
82
75
68
70
50
26
10
2
-7
-6
-1
4
-4
-8
-6
0
-3
-19
-26
-16
-16
-8
-6
-8
-20
-31
-36
-24
-1
20
40
51
58
71
84
77
58
45
28
13
3
2
2
-4
-10
-13
-10
-5
-3
-4
-9
-9
0
6
13
16
10
1
-10
-18
-22
-16
-1
14
25
32
47
59
67
71
77
78
65
51
42
34
20
4
-26
-52
-62
-60
-58
-54
-51
-39
-17
1
14
21
31
39
45
49
62
84
100
101
96
98
102
95
88
84
79
74
63
54
46
21
-2
-35
-71
-93
-99
-94
-82
-60
-18
50
123
200
277
346
401
444
458
435
356
210
24
-190
-416
-610
-770
-884
-963
-988
-969
-934
-880
-804
-713
-622
-550
-492
-438
-390
-351
-308
-265
-225
-189
-159
-124
-96
-74
-39
-2
26
45
58
61
87
123
149
167
187
209
221
226
236
246
251
260
270
292
303
302
302
310
312
314
322
319
315
327
336
353
351
330
306
275
244
220
213
209
205
204
212
208
196
182
170
154
140
128
129
139
139
128
99
68
49
35
22
7
-6
-27
-35
-44
-41
-36
-40
-42
-40
-34
-30
-29
-21
-15
5
17
23
29
30
30
27
19
13
13
15
25
41
53
39
17
-3
-16
-28
-29
-22
-19
-16
-8
4
-9
-14
-25
-25
-27
-19
1
22
40
76
109
132
130
106
83
49
9
-32
-66
-117
-180
-245
-300
-332
-320
-272
-197
-117
-28
41
85
115
134
134
118
93
67
45
34
22
14
12
19
28
41
53
58
56
49
47
39
38
49
57
53
50
46
44
52
60
58
48
51
54
53
61
77
115
169
215
269
329
394
470
557
631
678
722
766
805
841
867
894
945
1012
1092
1187
1287
1373
1460
1548
1644
1734
1808
1852
1849
1809
1740
1641
1511
1363
1245
1194
1240
1408
1684
2051
2544
3226
4172
5409
6913
8597
10287
11796
12988
13819
14253
14269
13883
13124
12044
10714
9199
7556
6032
4526
3013
1287
-417
-1972
-3334
-4468
-5378
-6098
-6615
-6948
-7154
-7257
-7258
-7182
-7072
-6964
-6864
-6779
-6707
-6645
-6602
-6586
-6562
-6514
-6340
-6135
-5944
-5854
-5769
-5657
-5532
-5372
-5171
-4948
-4743
-4557
-4386
-4204
-4013
-3818
-3644
-3485
-3327
-3167
-3009
-2851
-2708
-2559
-2397
-2237
-2062
-1887
-1762
-1654
-1555
-1469
-1387
-1301
-1213
-1110
-1000
-908
-834
-765
-691
-613
-524
-428
-334
-254
-185
-118
-59
-13
25
60
85
108
118
121
122
124
126
120
109
93
70
44
-1
-41
-62
-65
-58
-49
-34
-18
-16
-29
-44
-57
-59
-67
-71
-54
-33
-18
-4
9
20
37
57
76
96
111
121
126
132
125
115
107
95
77
62
54
52
56
58
61
65
61
59
56
46
37
25
15
25
37
54
66
65
61
60
68
76
79
82
95
111
114
111
106
97
88
76
68
65
67
81
103
121
121
113
109
103
96
93
87
74
57
56
58
68
83
92
95
86
85
95
105
125
144
148
147
142
131
118
114
105
91
80
75
78
87
95
93
95
103
105
102
98
93
97
104
102
99
100
102
103
106
110
107
115
124
131
140
152
158
155
141
130
112
95
84
82
86
92
97
101
103
107
109
114
116
111
104
101
102
115
120
114
108
100
92
89
99
116
132
147
160
165
159
148
139
127
109
93
86
93
104
122
130
121
112
106
101
105
108
107
105
105
103
98
94
90
93
107
120
126
122
109
97
97
108
126
136
139
131
115
99
94
96
108
115
115
112
117
118
109
91
78
75
73
66
65
71
67
71
90
106
116
124
131
142
151
153
156
151
142
129
116
102
106
111
114
115
106
95
98
103
98
92
74
61
52
50
49
58
71
83
95
98
96
94
90
95
101
108
114
112
114
111
108
103
88
69
56
56
66
83
98
91
83
80
81
87
91
90
85
75
78
81
94
111
117
115
107
104
110
124
143
154
161
165
164
162
158
160
147
132
118
108
125
150
171
172
167
153
141
126
114
105
108
117
130
146
154
145
131
118
105
92
92
99
104
109
128
153
169
165
153
136
120
92
85
85
74
66
65
60
47
30
17
12
8
-5
-24
-43
-45
-51
-71
-91
-120
-144
-155
-139
-136
-139
-141
-141
-154
-168
-191
-224
-249
-273
-292
-311
-318
-322
-312
-303
-300
-315
-356
-378
-383
-385
-407
-422
-422
-418
-415
-407
-392
-376
-389
-397
-402
-398
-382
-357
-323
-296
-289
-291
-292
-294
-289
-281
-283
-287
-283
-270
-253
-236
-214
-191
-173
-164
-158
-154
-146
-122
-96
-61
-23
-8
-1
6
14
29
60
91
116
146
174
189
192
190
190
190
185
183
180
177
178
177
172
172
167
162
158
154
136
127
123
125
149
160
159
154
145
130
117
120
120
132
149
161
161
150
126
105
90
77
70
71
80
95
109
119
120
105
84
66
50
35
21
12
20
43
62
72
70
61
55
45
43
44
52
60
69
84
100
99
90
79
51
26
12
10
19
34
45
57
68
76
78
74
55
36
13
-5
-6
6
17
22
16
11
7
9
20
26
29
35
31
43
51
50
43
26
11
11
17
30
39
46
49
41
32
25
18
16
10
1
-1
4
15
22
20
21
10
2
-1
4
20
45
57
57
61
70
68
62
57
47
25
15
15
23
32
41
58
67
62
51
34
26
23
20
16
11
8
7
5
-9
-20
-27
-14
8
26
38
43
41
34
21
15
8
-4
-13
-13
-8
-3
2
0
-3
-1
1
-2
0
1
3
5
16
26
31
26
23
19
18
5
3
14
12
3
-4
-1
10
15
18
26
34
42
49
50
52
50
44
35
18
5
-3
-10
-8
-3
0
-2
-3
0
-5
-6
-5
-10
-15
-17
-15
-14
-13
-10
-12
-8
4
16
25
40
33
22
12
6
1
-10
-17
-20
-26
-21
-21
-28
-24
-13
-6
8
22
30
30
25
9
7
12
19
27
33
36
37
42
50
52
47
36
10
-12
-15
-4
12
24
33
28
16
-13
-37
-36
-28
-30
-37
-44
-38
-18
3
15
19
17
12
10
11
17
18
7
9
21
38
58
73
82
88
90
85
77
72
73
63
51
37
13
-16
-42
-63
-82
-104
-122
-124
-120
-114
-92
-38
30
109
194
278
372
457
520
548
545
486
342
141
-86
-329
-555
-750
-908
-1007
-1044
-1030
-990
-943
-876
-798
-716
-636
-553
-473
-396
-322
-265
-218
-186
-168
-148
-127
-104
-65
-21
20
61
99
115
129
148
149
143
135
139
157
190
218
222
223
235
245
266
276
274
274
283
299
311
319
329
347
357
354
350
349
340
320
304
302
290
270
260
255
232
210
195
185
180
172
167
162
160
164
162
149
132
99
63
48
36
42
32
10
-2
-5
-14
-23
-33
-47
-59
-54
-36
-20
-16
-15
-12
-8
-1
8
15
30
51
67
70
63
51
40
28
19
9
-8
-3
11
23
37
42
34
6
-21
-41
-48
-44
-27
-5
7
12
13
13
14
14
22
28
38
56
72
82
78
57
25
-12
-66
-142
-214
-280
-336
-353
-330
-265
-181
-97
-7
75
131
157
165
155
137
127
126
125
122
113
84
63
50
42
32
20
14
9
-8
-22
-43
-54
-59
-49
-40
-18
17
48
69
86
88
75
52
47
50
57
65
101
152
198
245
315
379
437
504
574
648
717
773
817
846
866
861
854
859
912
986
1065
1144
1226
1321
1437
1550
1660
1757
1831
1883
1912
1911
1891
1825
1748
1737
1800
1924
2118
2371
2668
3004
3433
4007
4730
5592
6561
7589
8569
9431
10147
10678
10988
11069
10883
10447
9790
8927
7893
6719
5435
4091
2717
1542
453
-759
-1922
-2952
-3815
-4501
-5026
-5419
-5717
-5933
-6060
-6116
-6161
-6197
-6221
-6240
-6270
-6304
-6331
-6338
-6334
-6207
-6068
-6022
-5978
-5905
-5781
-5621
-5418
-5186
-4961
-4766
-4579
-4391
-4210
-4031
-3850
-3693
-3548
-3397
-3249
-3103
-2963
-2830
-2712
-2593
-2448
-2275
-2100
-1950
-1825
-1727
-1648
-1571
-1480
-1373
-1263
-1169
-1076
-986
-892
-795
-702
-609
-515
-421
-325
-218
-120
-41
26
89
134
164
165
151
120
77
39
11
-7
-8
0
6
-17
-55
-78
-91
-106
-116
-136
-138
-127
-108
-81
-59
-40
-25
-9
8
22
37
54
75
93
104
111
113
107
99
94
87
80
74
67
61
58
53
46
38
30
19
8
2
-2
-8
9
34
36
34
35
35
35
43
62
68
63
56
61
78
84
89
97
90
77
65
58
70
88
106
118
101
86
81
79
73
72
74
75
73
74
76
75
75
76
74
76
76
82
90
97
107
123
133
127
112
95
80
69
71
87
110
122
126
122
113
100
95
74
58
59
73
95
115
129
141
147
147
138
128
122
117
115
112
124
140
154
157
161
157
147
134
122
118
122
133
143
148
139
126
108
77
61
54
60
95
126
149
167
165
153
140
130
129
137
147
151
150
152
156
151
149
143
130
112
97
87
88
110
138
150
125
100
87
87
83
68
49
46
42
51
61
75
74
65
61
64
77
90
104
115
117
121
127
137
148
140
125
110
97
90
93
105
117
123
123
122
120
106
93
91
91
100
104
112
113
107
110
107
101
87
100
115
129
139
147
143
130
119
112
99
85
80
80
82
85
91
94
90
83
73
67
64
52
40
43
46
54
64
73
87
97
98
96
108
127
141
143
138
133
121
103
86
72
63
56
62
84
103
124
137
133
125
120
111
101
96
93
96
98
99
108
109
113
119
123
126
132
134
134
135
128
124
127
146
143
126
108
99
93
105
124
139
148
145
139
132
119
106
95
87
83
87
94
105
108
101
95
96
99
101
102
110
135
161
179
184
179
172
164
133
98
81
76
76
93
106
108
97
81
66
50
41
31
16
2
5
17
32
39
39
37
31
24
27
28
14
2
0
-2
-7
-32
-62
-93
-101
-115
-138
-145
-149
-156
-168
-185
-203
-243
-276
-297
-301
-313
-327
-334
-326
-324
-336
-346
-348
-351
-348
-342
-340
-334
-322
-320
-322
-319
-321
-325
-334
-345
-348
-339
-331
-329
-330
-319
-314
-316
-322
-333
-345
-349
-342
-319
-287
-253
-217
-189
-173
-156
-125
-91
-69
-54
-47
-35
-11
13
31
43
53
63
63
68
81
92
97
102
108
110
109
106
88
67
54
51
58
64
71
91
116
134
138
145
152
155
157
165
170
175
169
166
164
154
134
112
90
74
76
98
113
113
110
113
109
100
83
68
61
57
56
58
69
79
76
73
74
77
76
70
66
67
74
75
65
59
56
61
71
78
83
90
96
90
61
29
11
14
25
32
33
31
26
18
10
14
23
22
15
16
10
8
14
25
43
57
57
47
35
29
25
23
9
-4
-12
-21
-14
-8
-4
-5
-7
-8
-9
-11
-17
-25
-26
-28
-25
-13
-2
8
7
3
1
2
18
38
48
53
53
51
59
67
60
48
36
24
11
10
14
19
23
22
27
30
30
23
20
25
28
26
18
15
14
11
2
-7
-8
-5
-1
7
20
34
50
58
55
52
52
47
40
33
20
12
8
8
-2
-16
-34
-50
-60
-51
-40
-29
-16
9
33
44
46
41
41
32
21
10
1
-5
-4
-2
-4
-3
-6
-11
-12
-12
-7
-1
-2
12
27
33
33
29
22
14
2
0
-13
-21
-21
-13
-10
-7
-1
-3
-7
-10
-9
10
16
31
43
58
58
47
36
24
7
-5
-7
-5
1
3
2
0
3
6
4
8
-1
-18
-34
-36
-24
-21
-29
-26
-13
1
12
19
33
48
56
70
86
91
75
57
36
17
4
-2
-3
0
10
16
17
16
3
-15
-31
-44
-55
-58
-52
-38
-29
-23
-23
-29
-37
-44
-38
-19
-6
2
-5
-23
-36
-41
-38
-30
-23
-25
-38
-49
-53
-49
-38
-37
-49
-54
-55
-55
-47
-42
-36
-19
-7
0
-3
-14
-38
-73
-101
-119
-126
-123
-123
-105
-80
-55
-12
47
126
211
292
379
462
534
567
542
464
324
133
-94
-339
-577
-781
-939
-1020
-1035
-1001
-938
-868
-792
-711
-629
-545
-465
-391
-317
-251
-181
-121
-67
-21
11
35
54
69
80
102
148
198
241
271
285
289
294
299
297
289
283
285
298
293
279
264
248
236
238
254
273
274
266
257
268
269
268
261
254
247
234
214
196
194
185
168
151
138
119
102
104
111
105
93
102
126
147
160
172
165
155
154
152
149
142
128
110
88
65
46
27
11
-13
-38
-57
-65
-57
-45
-34
-27
-24
-17
-13
-15
-15
-21
-17
-14
-13
-2
17
27
38
35
30
28
23
20
24
30
35
37
38
29
21
18
6
-5
-7
-2
7
19
30
35
42
45
44
42
44
42
47
35
11
-24
-85
-169
-251
-312
-350
-360
-332
-281
-221
-124
-4
103
181
218
228
223
201
176
153
130
98
73
51
16
-14
-37
-49
-64
-73
-80
-60
-41
-18
-15
-15
-3
16
23
25
30
47
66
92
111
118
121
115
109
116
126
144
186
233
284
329
377
439
501
563
621
667
696
720
747
787
827
857
901
922
927
980
1059
1159
1266
1375
1488
1548
1594
1686
1772
1825
1848
1850
1825
1798
1806
1874
2013
2209
2426
2550
2653
2989
3491
4117
4848
5632
6425
7215
8003
8761
9416
9922
10247
10218
9980
9598
9061
8381
7563
6486
5242
4076
2916
1600
293
-902
-1962
-2877
-3635
-4246
-4742
-5127
-5411
-5606
-5743
-5858
-5960
-6036
-6097
-6026
-5928
-5979
-6076
-6052
-5968
-5967
-5949
-5898
-5815
-5700
-5542
-5287
-5018
-4842
-4702
-4575
-4461
-4332
-4206
-4091
-3968
-3840
-3706
-3521
-3322
-3175
-3044
-2909
-2764
-2627
-2482
-2337
-2201
-2065
-1937
-1819
-1697
-1573
-1456
-1336
-1209
-1080
-964
-867
-773
-664
-546
-436
-343
-263
-191
-148
-118
-94
-70
-48
-24
-5
-5
-8
-15
-31
-46
-61
-72
-77
-62
-40
-21
-15
-13
-10
-12
-13
-5
3
12
26
34
28
26
23
20
21
13
2
4
14
22
39
57
61
55
44
32
20
13
4
-7
3
18
32
23
3
-9
-19
-15
6
39
70
101
123
126
136
141
145
140
115
80
48
27
23
33
48
59
50
47
49
51
56
58
67
69
67
73
77
85
94
93
83
75
74
83
95
113
131
160
188
191
190
172
151
133
122
115
117
120
117
107
95
93
94
94
86
76
73
86
95
102
93
80
73
79
83
94
104
103
98
94
93
97
103
110
106
88
78
70
71
86
102
122
134
139
130
115
99
88
81
80
78
68
82
100
102
97
95
101
111
125
138
153
153
146
134
122
111
107
101
96
94
96
103
108
106
108
112
113
109
103
93
81
68
47
53
67
79
86
88
85
74
72
87
107
116
114
111
110
113
118
122
123
117
110
110
110
105
97
89
80
74
69
68
60
53
63
72
82
93
95
96
98
87
82
83
85
90
93
98
113
125
136
135
138
142
138
131
118
106
106
113
119
116
116
106
100
94
80
71
62
66
73
86
91
86
77
85
96
101
97
89
90
99
92
96
107
110
107
96
79
64
58
65
87
105
112
113
107
98
86
73
65
68
72
82
107
127
127
115
102
102
108
117
116
117
119
123
123
122
123
118
95
72
59
62
81
102
115
128
138
143
145
141
130
119
108
102
104
113
127
132
126
111
110
106
101
102
101
97
101
113
134
148
152
155
157
164
163
154
153
154
150
119
100
86
78
68
61
61
79
90
88
89
91
84
81
71
59
61
68
66
60
36
15
2
-4
-14
-30
-45
-53
-54
-53
-56
-49
-60
-58
-52
-58
-87
-128
-174
-207
-224
-232
-240
-245
-243
-236
-233
-245
-253
-277
-305
-319
-322
-316
-308
-307
-297
-296
-308
-313
-313
-314
-316
-329
-343
-355
-357
-359
-362
-372
-386
-402
-408
-409
-400
-381
-365
-346
-331
-319
-313
-314
-304
-286
-263
-230
-193
-156
-121
-88
-80
-86
-91
-95
-90
-70
-46
-28
-3
10
15
18
20
32
42
47
55
62
70
87
106
110
106
111
120
129
160
192
210
213
221
227
229
215
194
179
152
121
101
101
111
127
140
147
144
137
134
129
117
104
89
92
95
106
111
104
94
95
99
108
117
122
116
126
140
154
161
152
147
133
121
108
97
89
85
85
68
56
49
47
43
29
17
8
3
4
14
24
32
42
45
46
46
44
35
23
15
26
43
52
41
39
39
30
24
23
26
30
27
27
33
40
31
22
24
29
31
35
35
37
37
34
27
17
4
5
12
21
29
36
43
45
48
52
52
47
34
23
15
17
23
13
-3
-12
1
16
29
30
32
27
24
36
41
48
50
49
42
23
11
7
4
7
6
17
30
33
34
26
19
21
21
23
27
26
24
17
10
12
17
18
11
2
-9
-19
-9
6
17
21
0
-13
-13
-14
-12
-6
-6
-2
4
15
24
30
32
26
19
9
7
12
19
21
19
13
10
10
6
-4
-10
-16
-20
-30
-26
-4
12
14
17
13
2
-9
-13
0
15
20
20
14
19
27
29
25
19
13
13
19
14
5
-1
-6
9
20
28
25
17
4
-9
-15
-21
-17
-3
1
-3
-15
-27
-35
-33
-18
8
36
40
31
27
25
24
28
33
34
30
23
17
10
3
-10
-22
-34
-43
-47
-45
-41
-33
-24
-14
-6
8
18
21
19
15
9
24
39
51
56
56
45
26
9
-3
-8
-20
-25
-22
-13
0
14
26
36
46
52
49
44
41
38
45
61
69
66
56
52
46
42
37
29
23
12
-6
-21
-28
-26
-28
-39
-47
-49
-40
-1
70
155
224
276
332
383
427
446
429
340
186
-13
-188
-362
-570
-766
-917
-1011
-1055
-1047
-1000
-929
-848
-755
-661
-579
-499
-427
-379
-336
-289
-250
-212
-167
-127
-100
-76
-51
-28
-8
11
28
38
48
64
80
107
127
139
151
170
194
220
240
253
270
297
340
374
393
399
397
380
376
382
385
378
371
363
348
325
317
316
301
279
264
244
221
214
208
196
183
176
178
173
168
168
174
179
177
168
155
140
120
95
71
45
21
4
-2
-13
-27
-42
-54
-63
-65
-62
-56
-58
-62
-60
-38
-11
12
25
15
18
25
31
43
65
88
99
104
103
97
81
60
47
33
11
-8
-12
6
8
9
9
1
-13
-24
-30
-31
-26
-23
-19
-2
29
60
82
96
102
86
59
14
-43
-100
-149
-212
-272
-315
-325
-299
-245
-171
-89
-7
67
121
154
166
157
136
111
83
52
19
5
-6
-15
-20
-18
-14
-8
-3
6
23
40
63
75
73
67
61
60
58
53
45
41
41
49
55
72
96
128
157
192
223
261
302
327
347
384
470
570
665
750
820
863
881
899
921
963
1014
1076
1147
1211
1287
1368
1450
1533
1597
1627
1631
1604
1537
1451
1341
1201
1059
975
1006
1160
1419
1774
2255
2933
3891
5146
6703
8500
10392
12168
13679
14829
15556
15801
15579
14919
13876
12521
10928
9167
7305
5412
3545
1734
27
-1534
-2931
-4131
-5133
-5941
-6538
-6953
-7221
-7363
-7411
-7399
-7347
-7279
-7214
-7152
-7100
-7063
-7051
-7065
-7064
-7032
-6976
-6884
-6753
-6588
-6393
-6174
-5939
-5706
-5470
-5228
-5008
-4801
-4606
-4406
-4198
-4007
-3834
-3682
-3547
-3420
-3281
-3128
-2968
-2806
-2637
-2469
-2304
-2145
-1998
-1872
-1750
-1634
-1508
-1382
-1263
-1143
-1023
-913
-817
-713
-617
-529
-443
-359
-276
-199
-129
-69
-27
2
16
28
39
46
49
46
28
20
18
9
-6
-19
-20
-18
-13
-5
0
9
26
43
63
74
63
53
47
44
29
15
14
22
30
38
30
16
3
-5
-9
-4
6
8
11
26
43
53
56
61
69
69
66
76
96
104
105
109
106
111
113
113
104
87
70
55
47
49
37
28
29
39
51
62
75
79
91
97
96
107
113
104
92
83
75
68
62
81
114
136
143
145
149
156
159
155
136
115
95
81
84
104
128
131
123
116
111
107
102
92
79
69
71
89
99
109
125
123
110
101
106
110
104
102
111
109
112
110
99
100
109
123
139
151
155
151
144
130
114
110
102
88
84
74
71
74
77
83
81
81
89
93
94
101
114
127
134
138
144
150
145
133
116
95
73
63
65
88
113
133
138
126
112
97
95
99
75
49
53
68
80
85
83
83
88
96
106
120
135
147
167
178
179
183
178
169
153
132
115
102
95
94
94
95
99
100
98
92
81
70
64
64
68
71
73
75
78
89
94
93
95
97
103
110
127
151
165
158
143
128
111
95
96
106
124
141
145
137
125
107
92
98
116
129
130
125
122
117
111
108
102
93
82
77
89
106
121
135
145
151
154
153
145
128
115
111
111
108
103
90
78
80
85
85
78
65
54
42
48
66
74
83
87
91
81
74
75
78
95
109
120
133
134
138
133
122
115
117
108
104
116
131
143
148
132
116
109
105
96
87
81
79
76
90
105
115
127
137
134
126
128
128
133
136
140
148
150
153
160
152
147
143
146
145
147
142
139
132
123
121
113
111
108
101
99
95
100
111
116
123
123
109
91
83
85
88
80
63
47
52
55
52
39
22
-4
-31
-45
-42
-31
-27
-43
-74
-100
-131
-162
-182
-199
-207
-203
-192
-191
-192
-202
-214
-234
-242
-261
-286
-305
-310
-313
-310
-317
-322
-322
-310
-303
-315
-334
-347
-347
-357
-365
-384
-389
-396
-396
-398
-407
-430
-438
-434
-422
-407
-397
-390
-393
-397
-386
-368
-343
-316
-299
-274
-243
-213
-182
-159
-146
-134
-130
-123
-106
-74
-37
-12
3
13
23
30
31
43
54
63
77
98
122
142
148
142
139
146
157
165
176
186
190
199
200
203
200
191
182
181
180
181
189
196
199
197
189
170
157
140
120
98
97
97
96
96
103
109
109
94
86
90
96
101
104
105
103
113
125
137
142
133
119
92
67
58
61
64
66
69
58
57
62
66
62
57
52
38
20
17
31
38
37
19
13
20
29
40
50
59
63
53
47
44
37
32
29
29
34
41
54
63
64
53
35
16
2
0
0
-8
-12
-9
0
7
20
25
28
33
37
38
35
37
48
61
71
75
59
45
45
37
24
16
21
28
39
46
47
45
41
32
21
7
-1
-10
-5
12
23
29
24
11
-1
-3
-1
5
13
32
42
44
44
45
42
40
39
28
18
15
18
15
2
-10
-13
-12
-11
-11
-21
-26
-23
-19
-18
-15
-10
-3
-4
-7
-7
-8
-6
-2
0
1
6
8
16
26
31
25
11
7
13
23
33
37
30
21
15
7
-3
-10
-15
-26
-23
0
20
34
33
22
6
-11
-22
-11
7
21
23
27
33
41
41
32
29
13
-3
-7
-1
11
17
21
21
8
10
11
10
10
-3
-7
-5
-7
-4
-1
1
-2
-3
4
11
21
26
24
29
37
56
64
49
33
20
6
-3
-6
-3
5
12
13
6
-2
-9
-17
-10
0
8
8
1
5
7
6
-1
-25
-44
-51
-51
-37
-15
10
28
25
28
33
40
44
38
32
29
32
42
53
62
57
41
33
27
24
16
11
9
21
35
43
49
50
46
40
42
57
70
78
83
99
110
90
58
32
12
-5
-26
-43
-53
-56
-58
-47
-9
39
92
147
215
276
327
369
391
417
405
336
205
11
-205
-423
-631
-802
-922
-1001
-1023
-996
-935
-858
-784
-712
-633
-556
-487
-426
-365
-301
-236
-180
-137
-99
-76
-75
-79
-79
-62
-46
-15
25
55
74
96
127
154
175
189
213
236
256
276
295
311
320
323
318
309
296
280
262
241
219
195
170
144
119
93
68
45
23
3
-15
-30
-42
-51
-56
-58
-56
-51
-43
-34
-23
-11
0
12
23
34
43
51
57
61
64
64
62
58
53
48
43
145
505
869
1140
1298
1358
1343
1276
1177
1061
941
822
711
610
522
445
379
325
279
242
211
184
161
140
121
102
83
65
47
29
13
-3
-16
-29
-39
-48
-54
-59
-63
-64
-63
-61
-59
-56
-54
-52
-51
-248
-1145
-2066
-3036
-3790
-4250
-4429
-4380
-4178
-3881
-3542
-3190
-2836
-2511
-2216
-1937
-1669
-1429
-1222
-1050
-906
-790
-711
-664
-620
-599
-591
-617
-649
-701
-777
-864
-920
-918
-872
-773
-599
-343
-23
314
619
919
1227
1533
1829
2091
2297
2447
2547
2561
2491
2328
2129
1863
1583
1319
1053
826
660
611
734
1067
1649
2473
3489
4567
5532
6228
6566
6625
6346
5697
4734
3596
2435
1341
374
-436
-1081
-1582
-1922
-2129
-2208
-2210
-2163
-2103
-2022
-1913
-1782
-1646
-1508
-1368
-1232
-1104
-991
-910
-840
-774
-710
-649
-598
-541
-479
-419
-375
-360
-355
-332
-306
-295
-301
-311
-321
-324
-312
-293
-275
-254
-229
-202
-178
-152
-132
-114
-94
-71
-45
-11
13
27
38
48
54
58
66
71
62
60
60
62
61
56
48
38
18
-20
-40
-37
-23
-7
8
21
31
33
30
24
20
15
14
12
23
35
48
56
61
50
31
15
15
18
17
22
35
39
43
52
62
69
73
54
43
43
54
49
27
26
29
27
22
14
7
5
7
22
48
71
83
87
86
84
92
101
100
89
96
107
108
99
89
68
44
22
-3
-12
-12
-4
9
19
23
23
21
23
23
22
19
19
15
7
4
20
40
55
58
60
64
64
60
64
66
69
73
79
85
95
101
79
63
63
75
87
90
81
69
57
43
28
16
-1
-9
-7
-6
2
20
31
37
41
41
54
72
84
90
93
103
111
121
129
132
118
93
65
52
57
72
79
81
82
97
98
109
118
120
108
91
70
58
48
37
38
54
61
72
83
91
95
96
98
103
116
126
131
129
124
124
131
133
134
139
141
136
134
128
116
99
79
67
68
72
81
85
99
101
98
95
91
91
89
88
100
107
108
106
102
115
117
126
139
158
171
170
164
165
164
156
153
149
144
139
132
132
154
174
188
193
188
175
166
169
161
159
163
171
178
179
180
191
195
193
197
208
216
229
231
219
211
217
227
235
234
222
195
176
183
206
226
231
245
270
282
278
264
240
217
198
198
202
213
229
239
242
235
220
209
197
188
201
213
203
175
152
153
158
167
167
159
164
177
186
199
208
219
214
198
175
155
143
138
136
133
137
144
152
156
162
146
125
107
90
75
64
59
45
22
-1
-20
-36
-52
-69
-86
-94
-92
-81
-78
-79
-83
-91
-100
-102
-99
-104
-116
-112
-109
-121
-129
-146
-162
-188
-213
-230
-239
-238
-237
-236
-237
-246
-276
-300
-325
-349
-375
-401
-422
-435
-445
-462
-475
-477
-475
-466
-471
-498
-533
-553
-555
-545
-538
-533
-527
-540
-568
-594
-607
-602
-596
-602
-600
-601
-596
-600
-615
-628
-639
-654
-682
-701
-726
-740
-752
-754
-747
-738
-727
-710
-684
-671
-678
-669
-652
-638
-619
-601
-598
-616
-635
-648
-653
-653
-642
-614
-576
-529
-497
-478
-477
-469
-454
-445
-437
-423
-409
-379
-343
-306
-270
-260
-249
-232
-211
-186
-163
-136
-107
-90
-80
-61
-29
-5
-1
-1
-5
-1
9
25
30
24
17
17
11
3
-6
-14
-13
-4
15
41
70
92
100
100
95
82
64
48
39
52
69
78
76
75
87
91
90
72
69
73
67
65
70
63
69
76
71
46
24
13
10
9
19
39
51
45
33
22
21
25
31
39
55
68
75
82
94
92
79
67
56
49
49
52
56
63
53
48
47
51
52
54
45
32
26
23
44
67
85
92
92
87
82
79
73
63
63
68
76
92
99
77
53
37
24
28
59
82
82
66
50
37
29
20
8
0
-6
-12
-9
12
32
48
60
64
59
44
34
29
28
33
44
58
73
77
63
53
47
29
26
35
47
62
65
62
59
50
45
45
39
28
15
2
6
14
21
24
20
15
13
20
30
31
42
59
76
87
96
96
93
79
63
51
38
41
52
62
67
68
63
53
41
27
12
-3
-9
0
5
19
