0
6
27
78
173
319
516
757
1036
1349
1691
2057
2436
2817
3191
3550
3890
4205
4490
4734
4922
5043
5094
5081
5010
4890
4725
4522
4289
4037
3778
3520
3269
3031
2813
2621
2468
2369
2335
2367
2461
2611
2813
3064
3356
3680
4025
4378
4730
5074
5403
5713
5992
6227
6402
6512
6557
6543
6478
6366
6212
6023
5808
5577
5340
5101
4867
4641
4428
4238
4085
3980
3927
3923
3962
4038
4150
4292
4458
4637
4818
4994
5157
5304
5431
5529
5586
5588
5527
5402
5220
4989
4715
4403
4061
3699
3328
2959
2602
2262
1944
1653
1398
1192
1049
975
967
1019
1123
1275
1472
1705
1964
2238
2516
2791
3056
3306
3535
3730
3878
3965
3989
3953
3866
3733
3560
3352
3118
2868
2614
2363
2123
1897
1690
1510
1367
1275
1245
1277
1364
1501
1681
1901
2154
2431
2721
3014
3301
3576
3834
4070
4275
4435
4537
4574
4549
4469
4340
4170
3962
3724
3466
3199
2933
2674
2428
2199
1992
1818
1691
1621
1615
1666
1768
1915
2103
2327
2579
2847
3121
3392
3654
3901
4128
4329
4491
4598
4643
4625
4549
4424
4256
4050
3811
3549
3276
3000
2730
2471
2229
2007
1813
1662
1565
1531
1556
1635
1761
1929
2135
2371
2629
2896
3163
3423
3669
3898
4104
4275
4396
4458
4456
4395
4282
4125
3928
3696
3438
3165
2887
2612
2347
2097
1865
1658
1489
1369
1311
1313
1371
1478
1627
1817
2040
2287
2547
2811
3069
3317
3548
3760
3941
4079
4160
4178
4135
4039
3895
3711
3491
3242
2974
2697
2422
2154
1899
1662
1446
1263
1125
1045
1027
1067
1157
1292
1467
1678
1917
2173
2435
2695
2946
3183
3401
3594
3748
3850
3891
3869
3791
3665
3496
3290
3052
2791
2519
2245
1976
1718
1476
1254
1060
908
809
772
795
870
992
1156
1357
1590
1842
2105
2368
2624
2867
3093
3297
3468
3590
3653
3653
3595
3487
3334
3143
2917
2666
2399
2128
1860
1601
1356
1131
929
764
650
594
600
661
770
921
1112
1335
1583
1844
2108
2368
2617
2851
3064
3250
3392
3479
3503
3467
3379
3244
3069
2859
2620
2363
2098
1833
1576
1332
1105
900
726
598
526
515
562
657
797
977
1192
1434
1693
1959
2222
2476
2717
2939
3137
3297
3405
3453
3439
3369
3252
3093
2897
2669
2420
2158
1895
1637
1390
1159
946
761
616
524
493
520
599
723
889
1091
1324
1578
1841
2104
2361
2606
2834
3041
3214
3341
3410
3417
3366
3265
3121
2938
2722
2481
2224
1963
1705
1456
1221
1004
811
652
543
492
501
564
674
826
1017
1241
1488
1749
2014
2274
2523
2758
2974
3162
3307
3398
3427
3397
3314
3186
3018
2814
2583
2332
2074
1816
1565
1326
1103
901
729
601
529
516
559
651
786
960
1168
1403
1654
1912
2166
2412
2645
2859
3049
3202
3303
3345
3325
3250
3128
2965
2764
2533
2279
2013
1745
1483
1230
993
774
581
427
326
283
299
365
475
626
813
1029
1265
1511
1757
1996
2223
2434
2625
2783
2894
2949
2942
2878
2766
2610
2417
2191
1940
1673
1402
1133
874
627
399
194
22
-100
-165
-171
-123
-29
106
280
486
716
960
1207
1451
1684
1904
2105
2278
2412
2491
2510
2471
2380
2245
2071
1863
1627
1374
1112
851
597
355
129
-76
-252
-384
-461
-479
-441
-355
-227
-59
143
372
617
869
1119
1361
1590
1802
1991
2144
2247
2291
2275
2205
2089
1933
1740
1518
1273
1017
759
506
264
35
-175
-360
-506
-601
-637
-616
-545
-430
-275
-84
137
377
628
879
1123
1356
1574
1772
1939
2060
2126
2131
2080
1980
1839
1660
1448
1212
960
704
451
207
-24
-238
-430
-588
-700
-754
-750
-693
-591
-448
-268
-56
180
429
681
929
1167
1391
1596
1775
1914
1999
2025
1993
1909
1782
1616
1416
1188
942
688
434
187
-48
-269
-470
-642
-772
-847
-864
-827
-742
-615
-450
-251
-26
215
463
709
947
1173
1382
1569
1720
1823
1867
1853
1785
1671
1518
1329
1110
870
618
364
115
-124
-350
-557
-740
-885
-979
-1016
-997
-928
-816
-664
-477
-261
-24
221
468
708
937
1152
1346
1510
1630
1694
1699
1649
1550
1410
1233
1025
791
544
292
42
-199
-428
-640
-830
-988
-1100
-1155
-1153
-1100
-1001
-863
-688
-481
-252
-9
236
478
709
928
1129
1304
1439
1523
1547
1514
1431
1305
1141
943
717
474
222
-29
-273
-506
-724
-924
-1095
-1225
-1301
-1320
-1285
-1202
-1079
-918
-723
-503
-265
-22
220
455
678
885
1070
1222
1325
1372
1360
1296
1187
1039
856
644
410
166
-81
-323
-555
-774
-975
-1152
-1292
-1383
-1416
-1394
-1323
-1209
-1057
-869
-653
-416
-170
76
317
547
762
959
1126
1249
1318
1329
1284
1193
1061
893
693
470
231
-12
-252
-485
-705
-910
-1094
-1246
-1353
-1404
-1399
-1342
-1241
-1101
-924
-717
-486
-242
5
248
482
703
908
1087
1228
1317
1349
1324
1249
1133
979
791
577
346
106
-133
-366
-588
-795
-985
-1147
-1268
-1338
-1350
-1310
-1223
-1095
-931
-733
-510
-270
-24
221
458
684
894
1083
1238
1346
1397
1391
1333
1231
1090
915
710
484
247
8
-226
-451
-663
-859
-1032
-1168
-1256
-1288
-1265
-1194
-1081
-929
-744
-530
-297
-54
189
427
654
867
1062
1228
1351
1420
1431
1388
1298
1168
1003
806
585
350
110
-128
-357
-576
-779
-963
-1116
-1224
-1279
-1278
-1226
-1131
-997
-828
-628
-405
-169
70
305
532
747
945
1119
1256
1343
1373
1348
1275
1161
1010
827
618
391
157
-76
-303
-520
-723
-909
-1068
-1188
-1257
-1270
-1231
-1148
-1025
-866
-674
-458
-225
14
252
482
702
906
1090
1241
1347
1396
1389
1331
1229
1089
915
711
487
252
14
-219
-443
-655
-850
-1023
-1161
-1250
-1284
-1264
-1197
-1088
-942
-763
-555
-329
-92
144
376
597
805
995
1157
1277
1344
1354
1311
1222
1094
931
738
521
289
54
-180
-406
-620
-820
-1000
-1150
-1257
-1309
-1307
-1255
-1160
-1027
-860
-662
-442
-209
27
259
483
694
890
1062
1197
1283
1312
1287
1214
1099
949
766
557
331
98
-135
-362
-578
-781
-967
-1127
-1248
-1318
-1333
-1297
-1216
-1096
-940
-753
-540
-311
-76
158
384
600
802
984
1134
1238
1288
1282
1226
1126
990
820
622
403
174
-58
-285
-504
-711
-902
-1071
-1207
-1296
-1331
-1313
-1248
-1142
-1000
-824
-621
-399
-168
64
292
509
714
901
1062
1181
1249
1261
1220
1134
1010
851
663
450
224
-6
-234
-455
-665
-861
-1038
-1185
-1290
-1343
-1342
-1293
-1203
-1075
-913
-722
-510
-285
-56
170
391
606
810
999
1160
1281
1358
1390
1386
1350
1286
1196
1085
961
831
703
581
470
370
285
222
194
211
278
390
538
718
923
1148
1388
1630
1867
2089
2292
2471
2624
2746
2827
2855
2821
2726
2576
2380
2145
1874
1573
1250
916
580
247
-78
-390
-688
-963
-1205
-1400
-1539
-1625
-1662
-1655
-1610
-1526
-1411
-1271
-1116
-954
-792
-632
-478
-336
-215
-128
-87
-96
-151
-246
-372
-528
-709
-910
-1121
-1334
-1543
-1742
-1930
-2102
-2255
-2379
-2460
-2489
-2464
-2391
-2277
-2125
-1939
-1724
-1488
-1238
-985
-735
-494
-263
-48
146
304
414
470
472
428
343
224
73
-104
-298
-500
-703
-900
-1088
-1264
-1425
-1562
-1663
-1715
-1714
-1664
-1571
-1440
-1276
-1081
-862
-628
-389
-151
79
299
505
692
848
961
1021
1025
981
895
774
620
438
236
23
-193
-405
-609
-802
-981
-1139
-1265
-1346
-1375
-1352
-1284
-1178
-1036
-863
-663
-444
-217
11
234
448
650
836
996
1117
1187
1204
1169
1092
977
829
652
453
239
22
-194
-402
-601
-786
-954
-1094
-1193
-1242
-1238
-1187
-1096
-969
-810
-621
-412
-190
35
256
470
673
861
1029
1163
1250
1284
1265
1201
1098
961
794
602
394
177
-39
-249
-451
-641
-816
-967
-1082
-1149
-1163
-1129
-1052
-938
-790
-613
-411
-195
28
249
464
669
861
1035
1179
1281
1331
1327
1276
1184
1058
899
714
510
295
79
-134
-339
-533
-713
-873
-1003
-1087
-1121
-1104
-1043
-945
-812
-648
-458
-250
-34
183
395
598
789
966
1117
1231
1296
1306
1268
1186
1069
920
742
543
331
114
-100
-307
-504
-689
-857
-999
-1100
-1152
-1152
-1106
-1020
-899
-746
-565
-363
-149
68
282
488
684
866
1028
1157
1240
1271
1250
1186
1083
948
783
594
389
177
-34
-240
-438
-623
-794
-943
-1057
-1123
-1138
-1105
-1030
-920
-776
-603
-407
-195
22
238
448
649
838
1009
1153
1255
1306
1305
1258
1171
1050
899
722
526
320
112
-92
-288
-474
-646
-800
-923
-1004
-1034
-1014
-952
-852
-719
-555
-365
-158
57
274
486
690
884
1062
1217
1335
1405
1423
1393
1321
1214
1077
912
725
527
324
124
-70
-255
-427
-584
-714
-807
-851
-844
-793
-703
-579
-424
-242
-39
176
393
607
815
1012
1197
1362
1495
1583
1620
1607
1550
1457
1332
1178
1000
807
607
407
213
27
-148
-309
-449
-554
-614
-624
-587
-510
-398
-254
-83
112
321
535
748
954
1151
1336
1506
1647
1748
1799
1799
1753
1669
1552
1405
1233
1043
842
638
439
246
63
-108
-262
-387
-470
-504
-489
-433
-342
-219
-66
112
306
508
710
908
1097
1275
1440
1581
1687
1746
1753
1713
1633
1518
1373
1201
1008
803
593
386
185
-7
-187
-353
-495
-599
-656
-664
-628
-554
-448
-312
-149
34
227
424
617
804
981
1146
1293
1408
1481
1503
1476
1407
1303
1168
1005
820
619
413
207
7
-184
-364
-532
-678
-792
-862
-882
-857
-792
-694
-565
-407
-228
-34
165
363
556
740
913
1071
1203
1295
1340
1335
1286
1200
1082
936
766
577
380
181
-13
-201
-379
-545
-694
-815
-895
-927
-913
-857
-767
-646
-496
-322
-132
66
264
458
644
820
983
1124
1230
1291
1302
1267
1193
1086
951
789
608
414
217
23
-165
-344
-512
-666
-796
-890
-937
-937
-894
-815
-704
-564
-398
-214
-18
180
376
564
744
912
1062
1183
1262
1292
1275
1217
1124
1002
853
684
499
309
120
-64
-240
-407
-560
-694
-797
-856
-868
-835
-765
-663
-531
-372
-192
1
199
396
586
769
941
1098
1230
1325
1372
1371
1327
1247
1136
998
836
657
469
280
95
-84
-253
-412
-554
-669
-745
-774
-757
-701
-611
-491
-344
-174
12
205
398
587
768
939
1098
1236
1341
1401
1414
1381
1310
1208
1078
924
750
565
377
192
13
-158
-319
-466
-591
-681
-727
-726
-684
-608
-501
-367
-208
-31
156
345
531
710
881
1041
1184
1298
1372
1398
1378
1318
1226
1105
960
793
612
426
240
60
-112
-276
-427
-560
-663
-725
-740
-713
-649
-555
-433
-285
-116
64
249
433
610
780
940
1086
1208
1294
1335
1328
1280
1197
1086
948
789
613
429
245
65
-108
-273
-427
-567
-680
-756
-787
-774
-723
-640
-528
-390
-229
-54
128
311
489
660
823
974
1105
1205
1263
1274
1241
1172
1074
948
800
633
456
277
100
-70
-233
-386
-526
-645
-731
-773
-771
-728
-652
-548
-416
-262
-90
91
274
454
627
793
948
1088
1200
1273
1300
1282
1227
1140
1027
889
732
561
386
212
43
-119
-272
-414
-540
-636
-692
-704
-674
-609
-516
-395
-250
-87
89
268
444
615
779
933
1075
1194
1278
1318
1313
1267
1190
1084
954
803
636
463
288
119
-44
-199
-344
-475
-582
-652
-679
-663
-611
-528
-419
-284
-129
41
216
392
563
727
884
1030
1159
1256
1313
1325
1295
1232
1140
1023
884
728
563
395
230
72
-79
-221
-353
-464
-544
-583
-578
-536
-463
-362
-237
-90
73
244
416
585
748
902
1048
1179
1284
1352
1376
1357
1302
1217
1107
974
823
659
492
326
166
13
-131
-265
-383
-473
-524
-533
-501
-436
-344
-226
-85
75
245
419
590
756
915
1065
1204
1320
1404
1445
1441
1400
1327
1228
1106
965
810
648
486
329
178
35
-99
-220
-319
-383
-406
-388
-336
-256
-151
-22
125
285
451
616
777
931
1077
1213
1333
1424
1475
1483
1451
1386
1294
1179
1043
891
730
568
409
255
108
-30
-159
-269
-349
-389
-389
-352
-286
-194
-80
55
205
363
521
676
825
966
1099
1220
1316
1377
1395
1373
1316
1232
1125
996
851
695
535
377
225
79
-59
-189
-304
-393
-446
-458
-432
-376
-294
-188
-61
83
236
392
546
695
837
971
1095
1200
1273
1305
1297
1252
1179
1081
963
826
677
522
368
218
74
-62
-191
-308
-404
-467
-490
-474
-425
-350
-251
-131
8
158
313
467
616
758
893
1020
1131
1215
1262
1267
1234
1171
1083
974
846
704
555
404
257
117
-17
-144
-262
-363
-436
-472
-468
-430
-365
-276
-165
-36
107
257
407
553
693
826
952
1066
1157
1214
1231
1209
1155
1074
972
853
719
580
441
311
192
87
-2
-75
-125
-142
-117
-46
66
211
383
578
795
1027
1269
1512
1752
1983
2205
2416
2613
2787
2926
3018
3063
3064
3027
2958
2857
2728
2575
2406
2225
2038
1846
1652
1457
1265
1088
937
819
736
680
648
635
642
665
698
735
771
803
829
850
865
868
849
798
711
593
452
295
124
-58
-247
-436
-618
-791
-953
-1104
-1243
-1370
-1476
-1550
-1583
-1575
-1531
-1458
-1360
-1240
-1101
-948
-787
-626
-468
-315
-167
-26
105
216
295
336
341
316
267
200
115
16
-92
-202
-310
-412
-509
-600
-685
-759
-811
-832
-816
-768
-694
-599
-485
-355
-212
-61
90
237
378
512
640
760
863
938
976
977
946
891
815
722
613
494
372
251
135
24
-81
-180
-272
-346
-392
-403
-380
-330
-258
-167
-58
64
196
330
461
588
708
822
931
1026
1099
1138
1141
1110
1053
977
883
775
655
530
406
286
172
63
-40
-136
-220
-279
-306
-298
-261
-201
-122
-27
84
205
331
455
575
689
798
902
998
1074
1122
1133
1111
1062
992
905
804
691
571
451
335
225
120
21
-73
-157
-221
-255
-256
-225
-172
-99
-10
94
209
331
452
569
681
787
889
984
1064
1119
1140
1127
1085
1021
940
844
736
620
502
387
277
174
76
-17
-103
-174
-219
-231
-211
-166
-103
-23
73
180
295
411
524
632
734
831
923
1004
1064
1094
1089
1054
996
920
830
727
615
500
386
278
176
79
-12
-99
-175
-228
-250
-241
-205
-149
-78
9
108
216
326
434
537
634
726
814
895
960
997
1001
975
923
854
771
675
570
460
351
247
149
57
-30
-113
-189
-247
-277
-277
-248
-199
-134
-54
37
139
244
348
448
542
631
716
796
864
909
923
905
862
800
724
636
538
434
330
230
136
49
-35
-114
-188
-248
-285
-291
-268
-224
-163
-89
-2
95
198
300
398
491
578
661
740
811
863
887
879
845
790
722
642
552
456
358
264
176
95
18
-54
-122
-181
-220
-231
-214
-173
-115
-43
40
133
234
335
433
526
613
696
775
850
910
945
951
928
884
826
757
678
592
503
416
335
261
192
127
66
10
-30
-45
-32
6
62
131
211
301
398
497
594
685
771
851
929
1003
1067
1110
1125
1112
1076
1023
960
887
806
722
639
560
488
421
359
299
242
196
170
172
198
243
300
367
444
528
615
700
780
853
921
985
1046
1100
1138
1150
1133
1092
1033
963
885
798
707
617
530
450
377
307
241
175
117
75
59
67
96
139
191
253
322
395
468
537
599
656
710
761
808
844
858
844
806
749
681
605
521
433
344
259
180
109
42
-21
-82
-139
-183
-205
-201
-174
-134
-83
-23
44
117
191
261
326
385
440
493
546
590
616
617
592
548
491
427
356
280
202
128
59
-2
-58
-111
-162
-211
-252
-275
-273
-249
-209
-158
-100
-35
35
108
178
242
301
354
406
457
503
536
546
531
495
445
387
323
254
182
112
48
-9
-60
-107
-153
-198
-238
-264
-268
-249
-213
-166
-112
-51
15
84
152
215
272
324
373
422
470
507
526
520
492
449
397
339
276
210
145
84
31
-16
-59
-99
-140
-178
-207
-215
-202
-169
-125
-74
-17
46
112
177
238
292
341
387
432
476
515
539
540
518
479
431
376
318
256
193
135
82
37
-4
-42
-80
-119
-151
-167
-162
-138
-100
-55
-5
51
110
170
226
277
321
362
401
441
479
505
512
496
461
416
364
308
250
190
132
81
36
-2
-38
-73
-110
-144
-166
-169
-151
-118
-77
-31
20
75
132
186
235
279
317
354
393
431
463
478
471
445
405
359
309
256
202
148
99
57
22
-11
-43
-77
-111
-138
-148
-139
-113
-78
-38
6
54
104
153
198
237
271
303
336
371
402
420
418
396
360
315
267
216
164
112
63
21
-14
-46
-76
-109
-143
-174
-191
-189
-170
-139
-103
-64
-20
26
72
115
152
184
214
244
276
309
333
339
326
296
257
214
169
122
74
30
-9
-41
-69
-94
-121
-151
-181
-202
-205
-191
-165
-132
-96
-57
-16
26
65
100
129
154
179
207
238
264
277
270
247
212
173
133
90
48
7
-28
-57
-81
-103
-125
-152
-181
-204
-214
-207
-186
-158
-127
-93
-57
-20
17
48
75
98
120
144
173
201
219
220
203
173
138
102
64
25
-12
-45
-72
-94
-112
-131
-154
-182
-208
-224
-224
-209
-185
-158
-129
-98
-65
-32
-3
20
40
58
78
103
131
152
158
147
121
89
55
20
-15
-50
-82
-108
-127
-143
-158
-176
-199
-224
-242
-245
-233
-211
-184
-157
-127
-96
-65
-36
-12
7
23
41
62
88
111
123
118
98
68
36
4
-29
-62
-92
-118
-137
-151
-164
-180
-200
-225
-246
-256
-250
-232
-208
-183
-156
-127
-98
-69
-45
-25
-7
11
34
63
94
116
124
116
97
75
53
31
9
-11
-28
-38
-44
-48
-53
-65
-83
-102
-113
-110
-95
-72
-49
-25
0
25
49
70
87
99
111
126
147
172
192
199
191
171
145
119
94
69
46
26
11
2
-3
-10
-21
-39
-61
-79
-85
-78
-63
-45
-28
-11
7
24
39
48
54
58
64
75
94
111
119
112
92
65
36
9
-17
-42
-64
-81
-92
-99
-106
-118
-136
-161
-185
-199
-199
-189
-176
-162
-148
-134
-119
-106
-97
-93
-90
-87
-78
-61
-41
-28
-27
-40
-62
-87
-109
-131
-151
-169
-182
-189
-192
-193
-197
-208
-226
-247
-262
-263
-254
-238
-222
-207
-191
-175
-161
-149
-142
-139
-135
-126
-110
-89
-70
-62
-67
-84
-104
-124
-143
-160
-175
-186
-192
-193
-191
-191
-197
-211
-231
-248
-254
-247
-234
-219
-205
-191
-176
-163
-152
-146
-143
-142
-137
-125
-106
-85
-73
-74
-87
-106
-125
-143
-159
-174
-185
-192
-194
-192
-191
-195
-208
-229
-250
-263
-264
-254
-239
-223
-204
-181
-154
-122
-88
-50
-7
46
112
194
285
375
457
529
595
660
728
798
869
940
1014
1090
1167
1241
1306
1359
1397
1424
1449
1477
1507
1532
1548
1552
1545
1529
1501
1460
1406
1343
1273
1203
1136
1071
1000
916
816
703
585
466
348
230
112
-2
-111
-214
-314
-413
-515
-622
-731
-831
-915
-981
-1033
-1076
-1114
-1145
-1169
-1188
-1203
-1217
-1230
-1238
-1237
-1223
-1197
-1165
-1137
-1119
-1109
-1104
-1097
-1087
-1075
-1061
-1044
-1023
-997
-968
-940
-917
-903
-897
-892
-879
-854
-821
-784
-749
-715
-681
-646
-614
-586
-561
-539
-514
-484
-445
-402
-365
-340
-329
-326
-326
-325
-322
-319
-314
-306
-294
-278
-262
-250
-247
-253
-263
-268
-262
-246
-225
-205
-186
-167
-149
-131
-116
-106
-99
-90
-77
-55
-26
1
18
21
15
5
-5
-14
-21
-28
-31
-30
-25
-19
-15
-18
-30
-49
-66
-73
-69
-57
-44
-33
-21
-9
3
13
19
23
26
33
48
72
97
115
120
114
102
89
79
69
60
53
51
53
57
60
57
45
25
3
-10
-12
-4
6
16
25
34
44
53
59
61
63
67
78
99
124
144
153
148
136
121
108
96
85
75
69
68
69
71
68
58
37
13
-6
-14
-11
-3
5
13
20
29
37
43
45
46
48
56
73
97
120
134
134
124
111
98
86
76
66
60
58
60
63
63
57
40
16
-5
-17
-18
-11
-4
3
9
17
25
31
34
35
36
42
56
79
104
122
128
122
110
98
88
80
72
66
64
67
72
76
74
63
43
21
7
5
11
20
28
36
44
54
63
69
72
74
79
92
114
141
165
177
176
167
156
147
139
132
126
124
126
131
136
136
128
109
87
69
61
64
72
80
87
94
103
111
116
118
119
121
130
148
173
198
214
217
211
200
190
183
176
170
167
168
172
178
181
176
161
140
119
109
109
116
125
132
139
147
156
163
166
167
170
176
192
216
243
264
271
268
259
249
242
235
229
226
226
231
239
244
245
235
217
197
184
183
191
201
210
219
229
239
249
255
259
263
270
285
309
339
366
382
385
381
375
371
368
366
367
370
377
387
397
402
398
383
364
349
345
352
362
373
382
392
402
412
420
424
427
431
442
461
489
515
531
534
527
517
506
496
486
477
470
466
465
465
461
450
427
398
369
350
341
339
338
335
333
331
330
326
320
311
303
299
304
318
334
343
340
326
305
284
265
247
229
213
201
193
186
178
164
140
107
73
46
30
23
19
15
11
7
5
2
-3
-11
-18
-22
-18
-4
16
34
40
35
21
7
-6
-17
-27
-35
-40
-40
-38
-35
-37
-47
-68
-93
-114
-123
-123
-117
-111
-106
-100
-93
-85
-80
-78
-77
-74
-65
-45
-18
9
28
34
30
22
15
10
5
0
-2
-1
4
10
12
6
-10
-33
-56
-69
-71
-67
-61
-56
-51
-45
-39
-34
-32
-32
-32
-26
-12
12
38
58
66
62
52
41
33
25
18
13
11
13
17
19
14
0
-24
-49
-68
-75
-74
-69
-66
-63
-59
-54
-50
-48
-49
-50
-48
-38
-18
8
30
42
42
33
22
13
5
-2
-8
-11
-10
-7
-4
-6
-17
-39
-65
-88
-100
-102
-98
-95
-92
-88
-83
-78
-74
-74
-74
-71
-63
-44
-18
9
27
32
27
19
12
5
0
-4
-6
-5
0
6
7
1
-15
-39
-63
-77
-81
-77
-72
-68
-64
-59
-52
-48
-45
-45
-44
-37
-22
3
32
54
64
62
55
47
40
35
30
26
26
29
34
37
33
19
-5
-31
-51
-59
-58
-54
-51
-48
-45
-40
-36
-34
-34
-35
-31
-21
1
27
51
64
64
57
48
41
35
30
26
25
28
34
38
38
29
9
-16
-37
-49
-50
-46
-42
-40
-36
-32
-27
-24
-24
-24
-22
-14
4
31
58
77
84
80
73
67
63
59
56
55
57
63
69
72
67
52
28
6
-8
-11
-7
-1
3
8
13
19
24
27
27
28
35
50
75
103
125
135
134
127
120
114
108
104
100
100
103
108
111
107
94
71
45
27
19
20
24
27
29
32
36
40
41
39
38
41
51
72
99
122
136
137
130
121
113
107
102
97
95
97
101
104
103
92
70
43
20
6
3
5
7
9
11
15
18
20
20
18
20
28
45
72
98
117
123
119
111
104
98
92
87
84
84
88
92
92
85
66
40
14
-3
-10
-9
-7
-6
-5
-3
0
3
3
1
1
5
19
43
71
92
102
100
92
83
76
69
63
58
56
57
60
61
55
40
14
-14
-36
-47
-49
-48
-48
-47
-46
-43
-41
-40
-42
-44
-42
-32
-12
16
41
56
59
56
50
47
46
46
47
51
59
70
80
85
82
67
46
30
23
26
33
41
47
53
60
68
73
76
79
83
94
116
146
176
198
208
208
204
200
197
195
193
193
195
200
205
206
200
182
157
133
117
112
114
117
119
121
125
129
132
132
131
131
135
149
172
199
221
230
228
219
210
202
195
188
183
180
181
183
184
177
160
134
104
82
70
67
67
66
65
64
65
66
64
61
57
57
66
85
110
133
146
146
139
129
122
115
110
105
103
104
108
111
108
97
75
47
23
9
5
6
7
8
9
11
15
16
15
13
14
22
39
66
93
112
118
114
107
100
94
89
84
81
81
85
88
88
81
62
36
10
-7
-14
-13
-11
-10
-10
-8
-5
-3
-4
-7
-8
-3
10
34
62
84
95
94
88
81
76
71
68
65
66
70
75
79
75
61
38
11
-9
-19
-20
-19
-18
-17
-16
-14
-13
-14
-17
-20
-17
-5
21
57
93
123
147
169
195
231
275
326
384
450
524
604
687
767
839
901
958
1019
1088
1165
1245
1322
1394
1463
1528
1588
1639
1680
1712
1738
1760
1783
1803
1814
1806
1775
1725
1662
1592
1516
1435
1350
1261
1172
1083
992
895
789
669
541
412
291
180
77
-23
-123
-221
-315
-404
-488
-570
-648
-719
-777
-820
-845
-860
-873
-893
-918
-945
-967
-982
-991
-996
-994
-984
-968
-947
-926
-909
-901
-902
-906
-902
-888
-865
-838
-813
-787
-761
-734
-706
-680
-656
-632
-604
-567
-520
-467
-416
-375
-347
-327
-310
-292
-273
-254
-235
-215
-192
-167
-145
-128
-122
-127
-139
-149
-149
-140
-126
-112
-100
-88
-75
-61
-49
-40
-32
-21
-4
23
59
94
121
136
141
141
141
142
143
144
147
153
161
169
173
168
152
128
103
87
82
83
86
88
90
94
98
102
103
103
104
110
126
151
180
204
216
216
210
203
197
191
186
182
181
182
185
185
179
162
134
104
81
68
64
64
63
61
61
61
62
61
58
55
56
65
85
111
135
149
151
144
136
129
124
119
114
112
114
118
121
119
107
84
55
30
14
8
8
7
6
5
6
7
7
5
2
2
9
27
53
80
99
107
104
98
92
87
83
80
78
79
84
88
89
81
62
35
8
-11
-19
-20
-19
-19
-19
-17
-14
-12
-12
-13
-13
-7
8
34
64
88
101
103
99
93
90
87
85
83
84
88
94
98
94
81
57
30
9
-1
-3
-1
0
1
3
6
8
10
9
8
11
22
45
74
101
118
123
120
116
113
111
110
110
112
117
125
132
134
127
108
83
61
50
48
51
55
57
60
65
70
74
75
76
80
90
111
141
171
193
203
203
200
197
195
194
194
195
199
206
214
218
214
199
175
152
136
131
133
137
139
141
144
148
150
151
150
150
155
169
193
222
245
257
258
253
248
244
242
240
239
242
248
255
260
259
247
225
200
180
171
171
174
176
178
181
185
189
191
191
192
197
209
233
264
293
312
319
318
315
313
313
313
314
317
324
333
341
344
338
320
296
275
264
264
268
272
275
279
283
289
293
294
294
297
306
325
353
381
401
409
406
400
393
387
383
378
375
375
378
381
380
371
350
321
292
270
259
255
252
248
244
240
238
233
227
218
210
207
213
229
249
263
266
257
242
226
211
197
183
170
160
153
148
140
126
101
66
28
-5
-27
-40
-50
-60
-71
-81
-90
-99
-109
-121
-133
-141
-141
-129
-111
-94
-87
-92
-104
-119
-131
-142
-153
-162
-168
-171
-171
-172
-178
-194
-220
-252
-281
-299
-308
-311
-313
-317
-320
-321
-322
-323
-327
-331
-333
-328
-313
-289
-263
-245
-240
-244
-252
-259
-265
-270
-274
-277
-277
-273
-269
-268
-276
-295
-322
-349
-368
-376
-377
-377
-377
-377
-376
-374
-373
-374
-378
-380
-377
-365
-342
-316
-295
-285
-287
-294
-303
-309
-315
-320
-323
-324
-321
-316
-313
-317
-330
-354
-381
-402
-412
-414
-412
-410
-409
-408
-405
-401
-400
-401
-402
-400
-390
-369
-341
-316
-301
-297
-302
-310
-316
-320
-324
-328
-329
-327
-322
-318
-320
-330
-352
-380
-405
-420
-425
-425
-424
-425
-424
-422
-420
-419
-420
-423
-423
-416
-400
-375
-348
-330
-324
-328
-336
-344
-349
-355
-359
-362
-362
-359
-355
-355
-362
-381
-408
-435
-453
-461
-461
-459
-458
-458
-456
-452
-450
-450
-451
-452
-447
-434
-411
-383
-361
-350
-351
-359
-368
-375
-381
-388
-393
-396
-395
-393
-393
-399
-416
-443
-473
-497
-510
-513
-513
-514
-516
-516
-515
-514
-515
-518
-521
-520
-512
-493
-467
-443
-429
-427
-434
-442
-449
-455
-460
-464
-466
-464
-460
-456
-457
-467
-488
-514
-538
-551
-554
-552
-549
-547
-544
-540
-535
-531
-530
-530
-527
-518
-498
-470
-441
-420
-412
-413
-419
-424
-428
-431
-434
-435
-434
-429
-423
-421
-426
-443
-467
-492
-508
-513
-510
-506
-503
-500
-495
-490
-485
-483
-483
-482
-475
-460
-435
-406
-383
-371
-370
-376
-382
-387
-392
-395
-398
-398
-394
-388
-385
-388
-401
-424
-451
-471
-481
-481
-478
-476
-475
-473
-469
-466
-464
-465
-466
-463
-452
-431
-402
-375
-359
-355
-359
-365
-370
-373
-376
-379
-379
-376
-370
-365
-365
-374
-394
-420
-443
-457
-460
-458
-455
-453
-451
-448
-444
-441
-441
-441
-440
-431
-413
-386
-357
-337
-329
-331
-337
-342
-346
-350
-353
-354
-351
-345
-339
-336
-340
-355
-378
-402
-417
-420
-417
-411
-406
-402
-396
-389
-383
-380
-378
-376
-368
-351
-324
-293
-267
-252
-250
-253
-258
-261
-263
-265
-265
-263
-257
-250
-245
-247
-259
-282
-307
-327
-336
-336
-333
-330
-328
-326
-322
-318
-316
-317
-317
-313
-301
-279
-250
-222
-205
-199
-202
-207
-210
-212
-213
-213
-210
-203
-192
-182
-177
-180
-194
-213
-230
-236
-232
-222
-212
-203
-194
-183
-171
-161
-154
-148
-139
-125
-101
-68
-35
-9
4
7
6
5
5
6
8
11
18
27
37
43
42
28
7
-16
-30
-33
-29
-23
-18
-12
-6
2
9
14
17
21
30
47
75
107
134
148
151
146
141
136
133
129
126
126
129
133
136
131
117
92
64
40
28
24
23
22
20
20
20
21
21
18
16
17
26
45
72
97
113
117
112
106
100
96
92
88
88
90
95
99
97
86
64
36
10
-6
-12
-13
-13
-15
-17
-17
-16
-17
-20
-24
-26
-21
-6
19
44
62
68
64
55
47
40
34
28
23
22
23
25
24
15
-5
-35
-64
-86
-97
-100
-102
-105
-108
-109
-110
-111
-115
-120
-124
-123
-113
-93
-68
-47
-38
-41
-50
-60
-68
-74
-81
-86
-89
-88
-85
-84
-90
-106
-133
-163
-187
-201
-205
-207
-209
-212
-214
-214
-215
-219
-224
-230
-232
-227
-211
-189
-168
-155
-152
-155
-156
-153
-143
-127
-102
-68
-23
33
95
160
220
275
326
383
452
532
619
706
791
875
959
1040
1117
1187
1251
1312
1373
1436
1500
1557
1596
1613
1610
1591
1561
1522
1473
1415
1350
1281
1209
1132
1046
948
835
711
583
462
349
242
136
28
-80
-188
-293
-399
-505
-610
-710
-801
-878
-939
-989
-1036
-1088
-1144
-1200
-1250
-1291
-1326
-1355
-1378
-1394
-1400
-1400
-1397
-1396
-1401
-1413
-1426
-1431
-1423
-1405
-1383
-1360
-1337
-1313
-1287
-1261
-1237
-1214
-1192
-1165
-1131
-1085
-1031
-979
-936
-904
-881
-861
-839
-815
-792
-769
-744
-716
-687
-659
-636
-624
-624
-631
-636
-632
-619
-600
-581
-564
-546
-527
-508
-490
-475
-461
-444
-422
-389
-347
-305
-270
-247
-236
-229
-223
-215
-207
-200
-192
-181
-168
-156
-147
-147
-158
-178
-199
-213
-216
-212
-207
-203
-200
-195
-189
-183
-180
-179
-176
-169
-153
-126
-95
-69
-55
-52
-57
-62
-66
-69
-72
-75
-75
-72
-68
-65
-70
-84
-109
-138
-162
-176
-180
-181
-183
-185
-186
-186
-186
-187
-190
-193
-192
-183
-164
-137
-111
-95
-90
-94
-100
-105
-109
-112
-115
-115
-113
-108
-104
-106
-116
-137
-165
-191
-207
-213
-214
-213
-214
-215
-214
-212
-211
-213
-215
-215
-208
-191
-164
-136
-115
-106
-108
-114
-119
-123
-126
-129
-130
-128
-123
-117
-115
-121
-138
-164
-191
-210
-218
-219
-218
-218
-219
-218
-215
-214
-214
-217
-218
-214
-202
-178
-151
-128
-117
-116
-123
-130
-135
-139
-143
-147
-147
-144
-139
-137
-141
-155
-179
-208
-231
-244
-248
-248
-249
-251
-252
-251
-250
-251
-254
-257
-257
-248
-229
-202
-176
-160
-156
-160
-166
-171
-174
-176
-177
-175
-170
-162
-154
-151
-156
-174
-197
-219
-231
-233
-230
-227
-224
-222
-219
-214
-212
-211
-212
-211
-203
-185
-157
-128
-107
-97
-97
-101
-104
-106
-107
-108
-106
-101
-93
-84
-78
-80
-92
-114
-136
-150
-153
-149
-144
-139
-135
-130
-123
-118
-114
-113
-111
-104
-88
-61
-30
-3
12
16
14
11
10
11
11
13
18
27
38
46
49
41
23
1
-15
-21
-18
-12
-6
-1
5
12
19
24
28
31
37
51
76
109
139
160
169
170
168
167
167
168
170
174
182
193
203
208
204
190
168
149
140
141
147
153
159
164
171
178
184
186
188
192
202
222
251
281
304
314
314
309
305
302
299
297
295
298
304
310
313
308
293
268
242
224
217
217
218
218
217
217
218
217
214
208
202
201
208
225
245
261
266
258
244
228
214
201
188
177
168
163
159
154
142
120
88
52
21
0
-12
-20
-29
-38
-47
-55
-63
-73
-85
-97
-106
-108
-99
-83
-69
-64
-71
-86
-104
-120
-135
-148
-161
-171
-177
-180
-184
-191
-207
-234
-267
-298
-318
-329
-333
-337
-342
-346
-348
-349
-352
-356
-361
-364
-360
-347
-323
-299
-281
-276
-281
-291
-300
-308
-315
-321
-326
-327
-325
-321
-321
-328
-345
-371
-397
-415
-422
-422
-420
-418
-417
-414
-410
-407
-407
-408
-409
-404
-392
-368
-341
-318
-307
-307
-314
-321
-327
-332
-337
-340
-340
-336
-330
-325
-326
-337
-358
-383
-402
-410
-410
-406
-402
-400
-397
-392
-388
-385
-386
-386
-383
-373
-352
-324
-297
-281
-276
-280
-286
-291
-294
-296
-298
-296
-291
-284
-277
-274
-281
-298
-323
-344
-356
-358
-355
-351
-348
-345
-341
-336
-333
-332
-332
-330
-322
-304
-277
-249
-229
-220
-222
-228
-234
-239
-242
-245
-246
-244
-238
-232
-229
-233
-249
-273
-298
-316
-323
-322
-320
-319
-318
-316
-313
-311
-312
-315
-317
-315
-305
-284
-259
-239
-231
-234
-244
-254
-263
-271
-279
-286
-289
-290
-288
-288
-294
-309
-336
-365
-389
-402
-406
-406
-407
-409
-410
-409
-409
-410
-414
-418
-418
-411
-393
-368
-344
-330
-328
-335
-344
-351
-358
-363
-368
-371
-370
-366
-362
-363
-372
-393
-419
-444
-458
-462
-461
-458
-457
-456
-453
-450
-448
-449
-451
-451
-444
-428
-403
-376
-357
-350
-353
-360
-368
-373
-378
-382
-385
-383
-378
-373
-370
-375
-390
-415
-439
-456
-463
-462
-459
-457
-456
-454
-451
-449
-449
-451
-453
-451
-440
-418
-392
-371
-362
-364
-373
-383
-391
-397
-404
-409
-411
-409
-405
-403
-407
-421
-445
-473
-495
-507
-509
-507
-506
-506
-504
-501
-498
-497
-498
-499
-497
-487
-467
-439
-414
-398
-394
-398
-405
-411
-415
-419
-422
-422
-419
-412
-407
-405
-412
-431
-455
-477
-489
-491
-488
-483
-480
-477
-473
-468
-464
-464
-464
-463
-455
-437
-410
-382
-361
-353
-354
-360
-366
-370
-373
-376
-378
-375
-369
-363
-358
-361
-375
-397
-420
-435
-440
-437
-432
-429
-426
-421
-416
-412
-410
-411
-411
-406
-392
-368
-340
-316
-303
-302
-307
-314
-318
-321
-324
-325
-324
-318
-310
-304
-304
-313
-333
-357
-376
-385
-384
-381
-378
-377
-374
-371
-368
-368
-370
-373
-372
-365
-348
-323
-300
-288
-287
-295
-306
-315
-323
-330
-336
-339
-339
-335
-332
-334
-344
-365
-393
-418
-433
-438
-436
-434
-433
-431
-427
-422
-418
-416
-415
-413
-404
-385
-357
-327
-305
-296
-297
-303
-309
-314
-319
-323
-325
-324
-320
-315
-313
-318
-333
-356
-380
-396
-402
-399
-395
-391
-389
-385
-381
-377
-376
-377
-377
-372
-359
-335
-307
-283
-271
-270
-275
-282
-287
-291
-294
-296
-295
-291
-284
-279
-280
-291
-312
-337
-356
-366
-366
-362
-359
-357
-354
-350
-346
-345
-345
-347
-345
-336
-316
-290
-265
-250
-247
-252
-260
-267
-273
-277
-281
-283
-280
-275
-270
-270
-278
-297
-323
-347
-361
-364
-362
-360
-358
-356
-353
-349
-347
-347
-348
-347
-340
-323
-297
-269
-248
-239
-240
-246
-252
-256
-259
-262
-262
-260
-254
-247
-243
-246
-260
-283
-307
-322
-327
-324
-319
-315
-311
-307
-301
-297
-295
-295
-295
-291
-278
-255
-228
-206
-195
-196
-204
-213
-220
-227
-232
-237
-238
-235
-231
-227
-230
-241
-263
-289
-309
-319
-320
-317
-315
-313
-311
-308
-305
-304
-305
-307
-305
-297
-278
-252
-228
-214
-213
-220
-231
-240
-248
-256
-263
-268
-270
-268
-266
-265
-269
-278
-288
-288
-270
-232
-178
-114
-42
36
122
212
304
396
489
584
685
797
916
1036
1145
1239
1319
1390
1456
1518
1572
1617
1655
1684
1706
1717
1712
1687
1639
1570
1489
1405
1323
1242
1156
1063
966
866
763
658
548
435
322
213
112
23
-62
-150
-248
-355
-466
-574
-678
-775
-867
-952
-1028
-1093
-1150
-1202
-1254
-1309
-1368
-1426
-1474
-1506
-1525
-1535
-1541
-1543
-1540
-1533
-1522
-1511
-1500
-1487
-1470
-1444
-1405
-1358
-1311
-1273
-1246
-1227
-1209
-1189
-1166
-1142
-1116
-1087
-1053
-1015
-978
-944
-919
-905
-897
-888
-870
-842
-810
-779
-750
-722
-695
-668
-644
-624
-606
-588
-565
-532
-491
-449
-414
-391
-379
-371
-363
-352
-340
-327
-312
-293
-271
-247
-227
-214
-212
-220
-229
-230
-222
-207
-191
-178
-166
-155
-143
-134
-128
-126
-124
-117
-103
-79
-50
-26
-14
-12
-16
-21
-24
-24
-23
-20
-12
-1
13
26
33
31
18
2
-10
-11
-4
6
15
22
29
36
42
46
47
46
49
59
78
105
131
147
152
148
142
139
137
136
137
141
150
162
173
181
179
167
149
132
125
128
136
144
151
156
163
169
173
173
172
172
177
191
214
239
256
261
256
247
238
231
226
221
219
221
227
234
238
236
223
202
179
165
161
165
170
174
177
181
185
188
187
184
181
183
192
211
235
254
261
257
247
236
226
219
212
207
206
208
214
218
217
207
187
163
145
137
139
144
149
152
157
161
166
168
167
166
167
175
194
219
243
257
259
253
244
236
231
226
222
222
225
232
239
242
236
221
199
179
170
170
177
183
188
193
198
204
207
208
207
208
215
231
256
282
302
310
307
300
293
289
287
285
285
290
298
309
316
317
308
291
273
264
265
274
285
295
305
316
327
337
345
349
355
364
381
409
440
467
483
487
484
481
479
479
479
482
487
497
510
522
528
524
511
494
482
481
489
500
511
521
531
543
554
562
568
572
580
595
620
652
682
703
711
711
708
706
706
708
710
715
724
737
749
758
758
747
731
717
712
719
732
745
756
768
781
794
805
813
819
827
841
863
895
928
953
966
969
966
964
963
963
963
966
972
982
994
1002
1004
996
978
960
950
950
957
967
975
983
991
999
1006
1010
1011
1012
1016
1028
1050
1076
1097
1106
1103
1093
1082
1073
1064
1056
1048
1044
1042
1043
1043
1036
1020
992
961
936
920
914
911
907
902
897
892
887
880
869
858
849
847
855
869
882
885
876
858
838
818
800
783
767
753
743
736
729
718
698
668
632
598
575
562
555
549
542
536
531
527
521
512
502
493
491
498
514
532
542
541
529
513
497
484
471
460
450
445
444
444
442
433
414
387
359
339
331
330
332
332
332
333
335
336
334
330
326
327
335
354
377
395
401
396
385
372
361
351
342
335
330
330
331
332
327
313
289
262
240
229
227
230
233
235
238
242
247
249
249
248
250
260
280
306
332
347
350
344
336
328
321
315
310
308
309
313
318
318
310
291
266
243
231
229
233
238
242
246
251
256
260
261
261
262
268
284
309
335
354
360
355
346
336
329
322
315
311
310
313
318
319
314
298
274
248
231
225
228
232
235
238
242
247
251
252
252
251
255
267
288
314
335
344
342
333
323
314
306
299
294
292
293
297
300
297
285
262
237
216
207
207
211
215
218
223
228
233
237
237
237
240
250
269
296
321
336
338
332
322
314
308
302
297
294
295
300
303
303
294
275
248
223
209
204
205
207
207
208
210
212
213
210
207
205
208
222
244
268
284
288
281
270
258
248
239
230
222
218
218
219
217
208
189
161
132
112
102
101
101
100
99
99
101
101
99
94
90
90
98
117
140
158
164
159
147
134
123
113
104
96
91
90
91
91
86
71
46
18
-5
-17
-19
-18
-16
-16
-14
-11
-8
-7
-8
-10
-9
-1
18
43
67
81
83
76
66
57
50
43
38
35
35
39
43
42
33
13
-13
-37
-50
-53
-50
-46
-43
-39
-35
-29
-26
-25
-25
-24
-17
-1
25
52
72
79
76
69
61
55
50
45
42
43
47
53
56
52
37
14
-10
-26
-31
-28
-23
-19
-16
-11
-6
-2
-1
-1
-1
3
15
38
66
89
100
100
93
85
79
74
70
66
66
69
75
79
78
67
46
21
2
-7
-7
-2
1
4
8
13
18
21
20
20
22
31
50
76
100
115
118
111
102
94
87
80
74
70
70
73
76
74
65
44
17
-8
-23
-27
-26
-23
-22
-20
-16
-12
-9
-9
-9
-7
1
19
47
76
98
108
108
103
98
95
93
92
92
96
104
112
118
116
104
83
62
49
46
52
60
66
73
81
90
98
103
106
109
117
132
157
185
209
221
221
214
206
199
194
189
185
184
187
191
195
192
179
156
129
107
95
93
94
95
94
94
95
96
94
90
84
82
86
101
122
142
153
151
140
127
115
104
94
84
77
74
74
75
71
59
36
7
-19
-35
-41
-40
-39
-39
-39
-37
-35
-35
-37
-40
-41
-37
-23
1
25
43
48
42
32
22
14
7
-1
-6
-7
-5
-1
0
-6
-22
-47
-72
-90
-96
-94
-90
-87
-85
-81
-76
-72
-71
-72
-72
-68
-56
-34
-7
15
25
24
15
6
-1
-7
-12
-16
-17
-14
-9
-4
-6
-16
-37
-61
-79
-87
-86
-80
-75
-70
-65
-59
-53
-49
-48
-47
-43
-32
-11
17
44
61
66
62
55
50
45
42
39
38
41
46
51
52
43
23
-3
-27
-42
-45
-40
-31
-19
-1
26
61
104
154
213
284
369
470
586
707
823
930
1026
1119
1212
1306
1398
1488
1576
1663
1749
1830
1901
1957
1993
2011
2017
2019
2020
2017
2003
1976
1936
1886
1827
1758
1679
1592
1500
1409
1322
1243
1166
1083
987
879
763
646
530
415
301
188
80
-23
-122
-219
-319
-424
-534
-642
-738
-817
-880
-932
-978
-1018
-1051
-1078
-1100
-1119
-1135
-1146
-1149
-1140
-1116
-1081
-1044
-1014
-994
-981
-969
-954
-937
-918
-898
-875
-847
-816
-785
-757
-738
-730
-728
-723
-709
-684
-654
-623
-594
-565
-536
-507
-480
-457
-435
-413
-387
-351
-307
-263
-226
-202
-189
-182
-174
-165
-155
-144
-132
-115
-95
-75
-56
-45
-44
-52
-61
-62
-53
-36
-18
-1
14
30
45
59
70
77
84
95
113
142
173
200
215
217
212
207
203
200
198
197
200
207
216
225
228
221
205
185
171
167
173
182
191
198
205
213
221
226
228
229
232
243
263
291
316
332
335
329
321
314
308
304
300
300
304
310
317
320
315
299
277
258
248
249
257
264
271
278
285
294
300
303
304
307
316
333
360
387
407
415
411
403
394
388
382
377
374
375
380
387
391
389
377
357
336
324
323
329
338
345
352
359
368
375
379
380
381
387
400
423
450
473
483
482
474
465
458
452
448
444
445
450
457
463
464
455
436
414
397
391
395
402
409
414
421
428
434
438
439
439
442
451
470
496
520
533
535
527
516
506
498
491
484
480
480
484
487
487
478
458
431
407
394
390
393
396
398
400
403
407
409
408
406
405
410
424
447
472
489
493
486
475
464
455
446
438
433
431
433
437
438
433
417
393
368
353
348
351
357
361
365
370
376
382
384
385
385
390
403
426
453
476
487
486
478
469
462
456
451
447
447
451
458
463
463
454
435
413
396
391
395
403
410
417
425
433
442
448
452
454
460
473
495
525
553
570
575
571
564
558
554
551
549
549
554
562
571
575
571
557
536
518
511
514
524
534
543
553
564
575
585
592
597
604
616
638
669
701
726
738
740
737
734
733
732
732
734
740
750
761
770
771
762
745
727
717
718
727
738
747
756
766
777
786
793
796
800
808
823
849
878
903
915
916
909
902
895
890
884
879
878
880
884
887
883
870
847
819
797
786
784
786
787
787
787
788
789
787
783
777
774
778
792
813
831
840
837
824
808
794
781
769
757
748
743
740
738
731
717
691
659
630
610
602
599
597
595
592
591
590
587
582
575
570
570
580
599
620
633
634
625
611
597
585
574
563
555
551
550
551
549
541
522
495
467
448
439
439
441
442
443
444
447
448
447
443
439
440
449
468
492
511
518
513
502
490
479
470
462
455
452
452
456
458
454
441
418
391
369
359
359
362
366
368
371
375
379
380
379
377
377
384
402
427
450
463
464
456
445
435
427
420
414
410
411
414
418
417
408
388
361
337
322
318
320
322
324
325
328
331
333
332
330
329
334
348
372
397
415
421
416
407
397
390
383
376
372
371
375
380
382
377
362
339
315
299
295
299
304
309
313
319
325
331
334
335
336
342
356
380
409
433
445
446
440
433
428
424
421
420
422
428
437
444
446
439
421
399
383
377
382
390
398
404
411
419
427
432
434
436
440
451
473
501
528
544
548
543
534
528
522
517
513
511
513
517
521
521
513
493
467
444
431
427
430
433
435
437
441
445
447
446
444
443
447
461
484
509
525
529
523
511
499
489
480
471
465
461
462
464
463
455
436
410
382
363
355
355
357
359
359
362
365
367
366
363
359
361
370
389
413
432
440
435
424
412
401
391
382
374
370
369
370
370
365
350
325
296
273
260
257
258
259
259
259
262
264
264
261
258
258
265
282
307
329
342
342
334
323
314
306
299
293
289
290
293
297
296
287
267
241
216
202
199
202
205
207
209
212
216
218
217
214
213
218
232
255
280
297
301
295
285
275
266
259
251
246
245
246
250
250
244
227
201
175
157
150
150
153
155
156
158
161
163
163
160
157
159
169
189
213
233
241
237
226
214
203
193
184
176
171
170
171
171
165
150
124
95
72
59
56
57
58
58
59
61
64
64
61
58
59
66
85
110
134
149
151
144
135
128
122
116
112
110
111
116
120
120
111
92
65
41
27
23
25
27
28
29
31
34
35
33
30
29
33
47
71
96
115
121
117
108
100
94
90
87
86
89
97
105
111
111
100
80
59
46
44
50
58
64
69
75
82
87
89
89
88
92
104
126
152
173
183
181
172
162
154
146
139
134
131
133
137
141
139
127
106
82
64
57
59
67
74
80
88
97
106
113
118
122
129
143
167
198
227
246
252
249
242
236
232
227
223
222
224
229
234
234
226
207
182
159
146
143
146
150
151
153
156
159
160
159
155
153
157
170
192
215
231
234
226
214
202
191
181
172
165
162
162
163
162
153
134
107
79
59
49
48
49
48
47
48
49
50
47
42
38
38
46
64
86
104
110
104
91
78
66
55
45
37
31
30
31
31
26
11
-15
-43
-67
-79
-82
-80
-80
-80
-79
-78
-76
-77
-81
-85
-87
-82
-66
-43
-22
-11
-12
-21
-34
-44
-54
-62
-70
-75
-76
-74
-71
-72
-82
-102
-130
-155
-170
-174
-173
-171
-171
-170
-169
-167
-167
-170
-176
-180
-179
-169
-150
-130
-117
-116
-122
-131
-136
-135
-128
-115
-93
-59
-14
40
99
157
211
260
313
376
453
540
629
717
805
892
979
1062
1139
1210
1277
1343
1411
1481
1548
1602
1634
1645
1639
1620
1593
1556
1508
1453
1393
1330
1262
1188
1103
1004
891
771
654
546
445
346
246
143
41
-61
-162
-265
-369
-470
-565
-648
-716
-772
-822
-876
-935
-996
-1053
-1103
-1144
-1180
-1209
-1231
-1244
-1249
-1249
-1248
-1252
-1263
-1278
-1286
-1283
-1268
-1246
-1222
-1199
-1176
-1151
-1126
-1103
-1083
-1065
-1045
-1019
-984
-939
-892
-853
-826
-810
-797
-785
-771
-756
-741
-724
-703
-680
-656
-635
-622
-621
-629
-639
-641
-634
-619
-603
-589
-576
-562
-549
-536
-527
-520
-513
-502
-483
-454
-421
-393
-376
-371
-374
-378
-380
-381
-382
-381
-378
-372
-363
-357
-357
-366
-387
-412
-431
-441
-441
-438
-435
-433
-431
-427
-424
-422
-423
-425
-423
-415
-395
-369
-344
-328
-325
-331
-339
-346
-351
-356
-360
-362
-360
-355
-351
-350
-358
-378
-404
-427
-441
-444
-441
-438
-436
-434
-430
-426
-423
-423
-425
-425
-419
-404
-380
-354
-336
-330
-334
-343
-351
-358
-364
-369
-372
-372
-367
-362
-359
-364
-379
-402
-427
-443
-449
-447
-444
-441
-440
-437
-433
-430
-430
-432
-434
-431
-420
-398
-372
-351
-341
-343
-351
-360
-368
-373
-379
-382
-383
-379
-374
-369
-371
-382
-404
-430
-450
-460
-460
-457
-454
-452
-450
-446
-442
-441
-443
-445
-444
-436
-418
-392
-367
-353
-350
-356
-364
-371
-376
-381
-385
-386
-383
-377
-372
-370
-377
-395
-420
-442
-455
-458
-454
-451
-449
-446
-443
-439
-436
-436
-438
-437
-431
-415
-390
-364
-345
-338
-341
-350
-358
-364
-370
-375
-378
-378
-374
-369
-366
-371
-387
-411
-437
-455
-461
-460
-457
-456
-454
-452
-448
-446
-446
-448
-451
-448
-438
-417
-391
-371
-361
-364
-373
-384
-392
-399
-406
-411
-412
-410
-405
-401
-403
-414
-436
-461
-481
-490
-490
-485
-481
-477
-473
-467
-461
-458
-457
-456
-453
-442
-421
-393
-366
-349
-345
-349
-356
-361
-365
-368
-370
-369
-364
-357
-349
-345
-350
-366
-388
-408
-418
-418
-411
-404
-397
-391
-383
-374
-367
-362
-359
-354
-343
-323
-293
-262
-238
-227
-226
-230
-234
-236
-238
-240
-239
-235
-228
-219
-213
-214
-225
-245
-266
-278
-279
-273
-264
-257
-250
-241
-232
-223
-217
-213
-209
-200
-182
-154
-122
-95
-79
-75
-78
-82
-85
-86
-88
-88
-85
-79
-70
-64
-63
-72
-92
-115
-134
-142
-141
-137
-134
-132
-130
-127
-124
-123
-125
-129
-130
-124
-108
-85
-64
-52
-54
-64
-78
-90
-100
-111
-120
-127
-130
-130
-131
-135
-149
-173
-204
-234
-253
-262
-265
-268
-273
-276
-279
-282
-286
-293
-301
-308
-308
-300
-282
-263
-251
-251
-262
-278
-293
-305
-317
-328
-337
-341
-342
-340
-341
-349
-366
-393
-420
-439
-446
-445
-443
-440
-439
-435
-431
-428
-426
-427
-427
-423
-410
-386
-358
-335
-323
-322
-328
-334
-339
-343
-346
-347
-345
-338
-330
-322
-321
-329
-347
-369
-386
-392
-388
-381
-375
-369
-363
-355
-348
-343
-341
-340
-335
-324
-302
-274
-247
-230
-225
-230
-237
-243
-248
-252
-256
-257
-254
-248
-242
-240
-248
-266
-291
-313
-326
-327
-323
-318
-315
-311
-305
-300
-296
-294
-295
-293
-287
-270
-245
-217
-198
-191
-195
-204
-213
-220
-226
-232
-235
-235
-231
-226
-222
-226
-240
-262
-285
-300
-304
-299
-293
-287
-282
-276
-269
-262
-259
-258
-256
-251
-237
-212
-184
-160
-147
-147
-153
-160
-165
-169
-172
-174
-173
-167
-159
-153
-152
-161
-180
-202
-219
-225
-222
-215
-209
-203
-197
-191
-184
-180
-178
-178
-174
-163
-141
-113
-85
-68
-64
-68
-75
-82
-87
-91
-94
-95
-92
-85
-79
-77
-83
-100
-124
-145
-156
-156
-150
-143
-138
-132
-124
-117
-110
-107
-105
-102
-94
-76
-48
-20
1
10
8
1
-7
-12
-17
-22
-24
-23
-18
-11
-7
-11
-24
-46
-68
-82
-84
-78
-71
-64
-58
-50
-42
-35
-30
-28
-24
-17
-1
25
55
81
95
97
92
86
82
80
77
77
79
85
94
102
104
96
78
57
41
36
40
48
56
62
69
77
84
88
90
91
95
106
127
155
181
197
201
196
188
182
177
172
169
168
172
179
185
188
183
167
144
123
113
113
118
124
129
133
138
143
146
147
145
145
150
164
187
212
229
233
227
215
205
196
187
180
174
173
175
179
180
175
159
135
111
95
90
94
99
103
107
112
118
123
125
125
124
128
141
163
190
213
224
223
216
207
201
196
191
189
189
194
202
208
209
201
182
160
144
139
144
152
160
166
174
183
191
196
199
201
206
218
240
269
297
314
319
315
309
304
301
298
296
297
303
311
320
325
321
306
285
266
256
257
263
270
275
280
286
291
295
295
294
294
299
314
338
363
380
384
377
366
354
345
337
329
324
322
325
329
331
326
310
287
262
247
242
246
252
257
262
268
276
283
287
290
293
300
317
343
374
401
416
419
415
411
409
409
408
409
414
422
432
441
444
438
422
402
388
384
390
399
407
415
423
432
440
445
448
449
453
464
485
512
537
553
556
550
542
536
531
527
524
524
528
535
541
544
538
520
497
476
464
463
468
474
477
481
486
491
495
495
493
493
499
514
538
563
581
586
580
569
559
550
543
536
531
530
533
536
538
532
516
491
466
449
443
444
448
450
452
455
458
461
460
457
454
455
464
484
507
526
533
528
516
504
494
485
477
470
467
468
471
473
469
456
432
405
384
373
372
375
376
377
378
380
381
381
377
372
369
374
390
412
432
443
441
430
417
406
396
387
379
373
372
374
376
374
364
343
315
290
275
270
271
273
273
273
275
277
277
275
271
268
272
284
307
330
346
350
344
332
322
313
305
297
292
290
292
295
294
287
269
243
219
206
207
219
237
260
289
325
369
420
475
534
599
674
761
862
969
1074
1168
1252
1328
1403
1478
1551
1622
1690
1757
1822
1885
1938
1979
2001
2003
1993
1978
1964
1948
1924
1890
1845
1792
1732
1665
1590
1507
1419
1330
1245
1168
1096
1020
933
833
723
609
497
387
278
172
71
-23
-109
-190
-269
-352
-439
-526
-603
-664
-708
-739
-765
-787
-804
-815
-820
-823
-824
-821
-813
-795
-764
-722
-675
-634
-604
-583
-565
-546
-525
-503
-479
-454
-424
-391
-356
-323
-298
-284
-278
-273
-260
-237
-207
-177
-148
-120
-93
-65
-40
-18
1
20
42
72
112
156
195
222
236
245
252
261
271
281
293
309
328
349
368
381
384
376
363
356
359
370
384
396
407
416
426
435
440
442
443
447
457
477
503
528
542
544
538
530
522
517
513
510
510
514
521
528
530
524
507
483
461
449
447
451
455
458
460
463
466
466
464
459
456
459
471
492
514
529
532
524
512
500
491
482
475
469
468
471
475
476
471
455
431
406
388
382
384
387
388
389
390
392
392
390
384
379
378
386
404
426
443
449
444
431
419
408
399
391
384
382
384
388
391
389
377
355
329
309
299
299
302
305
306
307
310
312
311
307
303
301
307
323
345
366
377
376
367
355
344
336
328
321
318
318
321
325
324
315
295
268
243
229
225
227
229
230
232
234
236
237
235
231
230
234
247
270
293
310
314
308
297
287
278
271
265
261
261
264
269
272
267
252
229
205
190
185
189
194
198
202
206
211
215
217
216
215
218
230
252
279
301
311
310
302
294
288
283
279
277
278
283
291
297
299
291
272
251
235
230
234
243
250
257
264
272
279
284
286
287
291
302
323
351
378
394
398
394
386
380
376
372
368
367
370
376
382
384
377
359
335
313
302
301
305
310
314
318
324
329
333
334
333
334
340
356
381
408
426
433
429
420
412
406
401
397
394
396
401
408
413
410
397
376
355
342
340
346
354
361
368
375
383
390
395
396
398
405
420
445
474
499
512
514
508
502
498
494
492
491
493
499
507
514
515
506
487
465
448
442
445
452
458
463
468
475
480
483
483
482
484
492
510
534
556
568
567
557
544
532
522
511
501
494
490
489
487
481
466
439
406
375
354
344
338
333
327
320
315
309
301
291
278
268
262
266
279
292
298
292
275
253
232
212
193
174
158
146
138
131
122
105
79
44
8
-19
-35
-43
-50
-57
-64
-70
-76
-81
-90
-100
-109
-114
-110
-96
-76
-62
-58
-66
-81
-95
-108
-118
-128
-136
-141
-141
-138
-136
-140
-153
-176
-202
-222
-231
-230
-226
-221
-217
-213
-207
-201
-198
-197
-196
-193
-182
-161
-132
-106
-89
-85
-90
-98
-104
-108
-113
-116
-116
-112
-105
-99
-97
-104
-121
-145
-166
-178
-179
-174
-169
-165
-161
-155
-149
-145
-144
-144
-142
-135
-117
-91
-63
-43
-36
-39
-47
-54
-60
-65
-70
-73
-72
-68
-62
-59
-64
-79
-102
-127
-143
-148
-146
-142
-140
-137
-134
-130
-127
-127
-130
-132
-129
-119
-98
-73
-52
-44
-47
-57
-67
-76
-84
-91
-97
-99
-98
-94
-92
-95
-108
-132
-159
-181
-192
-194
-192
-190
-189
-188
-186
-184
-184
-187
-191
-192
-185
-169
-146
-124
-113
-114
-124
-137
-148
-158
-167
-175
-180
-182
-181
-180
-183
-195
-218
-247
-274
-291
-298
-299
-299
-301
-302
-301
-300
-300
-303
-307
-310
-306
-292
-269
-244
-227
-223
-229
-239
-249
-258
-265
-272
-277
-279
-276
-272
-271
-277
-294
-318
-344
-360
-366
-364
-359
-356
-353
-349
-343
-339
-337
-337
-337
-332
-319
-295
-267
-244
-233
-233
-241
-249
-255
-260
-264
-268
-268
-264
-257
-253
-253
-264
-284
-308
-327
-334
-333
-327
-323
-319
-315
-310
-305
-303
-303
-305
-303
-294
-275
-250
-226
-212
-210
-217
-227
-235
-242
-248
-253
-255
-254
-250
-246
-247
-256
-276
-303
-327
-341
-344
-342
-339
-338
-336
-332
-329
-326
-327
-329
-329
-323
-307
-282
-255
-237
-230
-234
-243
-251
-258
-263
-268
-271
-270
-265
-259
-256
-259
-274
-297
-320
-336
-340
-337
-332
-328
-325
-320
-315
-311
-310
-311
-312
-308
-296
-274
-248
-227
-217
-219
-227
-236
-244
-249
-255
-259
-259
-256
-250
-246
-248
-260
-282
-308
-328
-337
-337
-333
-330
-328
-325
-321
-317
-316
-318
-320
-319
-310
-291
-265
-240
-226
-224
-231
-240
-248
-254
-260
-264
-266
-264
-259
-254
-254
-263
-282
-309
-332
-346
-350
-347
-345
-344
-343
-341
-339
-339
-341
-345
-348
-344
-331
-309
-286
-271
-268
-276
-288
-300
-310
-320
-329
-337
-340
-340
-339
-340
-349
-368
-396
-424
-443
-452
-452
-451
-451
-451
-450
-447
-446
-446
-449
-450
-446
-433
-410
-382
-358
-345
-344
-348
-353
-356
-358
-359
-358
-354
-346
-336
-328
-325
-333
-351
-373
-390
-396
-394
-388
-383
-379
-374
-368
-362
-358
-357
-355
-351
-339
-317
-288
-261
-244
-240
-244
-251
-256
-260
-263
-265
-265
-261
-254
-247
-245
-251
-269
-293
-314
-326
-328
-324
-320
-318
-315
-312
-308
-306
-307
-309
-310
-305
-290
-267
-242
-225
-221
-227
-239
-249
-258
-267
-274
-280
-282
-280
-278
-277
-285
-302
-329
-356
-374
-382
-382
-380
-379
-379
-377
-375
-373
-374
-377
-380
-379
-368
-348
-323
-303
-295
-297
-307
-316
-324
-330
-335
-340
-340
-337
-332
-328
-330
-341
-364
-389
-409
-418
-417
-413
-409
-407
-404
-400
-395
-393
-394
-396
-394
-385
-365
-338
-313
-297
-294
-299
-307
-313
-318
-322
-325
-325
-322
-316
-310
-309
-316
-335
-360
-383
-396
-399
-396
-393
-392
-390
-386
-383
-380
-381
-383
-384
-378
-363
-338
-312
-294
-288
-293
-302
-311
-317
-324
-330
-334
-335
-333
-330
-330
-339
-358
-386
-415
-436
-447
-449
-448
-446
-442
-433
-420
-403
-382
-357
-325
-280
-219
-140
-51
39
122
197
269
342
419
497
577
657
740
824
907
986
1055
1109
1148
1177
1205
1235
1267
1292
1308
1312
1306
1291
1265
1226
1175
1115
1051
987
928
870
807
730
637
534
427
319
211
103
-5
-110
-211
-308
-404
-503
-608
-720
-834
-941
-1032
-1106
-1169
-1224
-1274
-1316
-1351
-1378
-1402
-1424
-1442
-1454
-1455
-1441
-1413
-1380
-1350
-1329
-1315
-1303
-1289
-1271
-1250
-1229
-1204
-1175
-1143
-1109
-1078
-1055
-1041
-1036
-1032
-1019
-995
-963
-929
-897
-866
-833
-801
-770
-742
-716
-691
-662
-625
-579
-529
-485
-454
-434
-422
-411
-399
-387
-374
-361
-344
-324
-302
-282
-268
-264
-271
-282
-287
-282
-268
-251
-235
-220
-205
-189
-173
-161
-151
-143
-132
-114
-87
-53
-22
-1
7
6
2
-1
-3
-4
-5
-4
2
10
19
22
17
2
-20
-39
-48
-47
-40
-32
-26
-20
-13
-6
0
3
3
6
14
31
58
85
104
111
106
97
89
82
76
70
66
67
70
75
78
73
58
34
10
-5
-10
-6
-1
3
6
10
15
19
20
18
17
20
31
52
77
97
105
101
90
79
70
62
54
48
46
47
51
53
50
37
13
-14
-35
-45
-45
-42
-40
-39
-37
-33
-30
-29
-31
-33
-32
-24
-6
19
42
55
55
47
36
26
18
11
4
1
1
4
8
7
-3
-23
-49
-73
-86
-89
-86
-82
-80
-77
-72
-68
-65
-65
-66
-65
-59
-43
-18
8
26
31
26
17
8
1
-6
-12
-15
-15
-11
-6
-3
-8
-22
-45
-69
-83
-87
-83
-77
-72
-68
-62
-56
-50
-48
-48
-47
-42
-29
-5
23
46
57
56
49
40
34
29
25
22
23
28
35
41
41
32
13
-10
-27
-32
-28
-21
-14
-8
-1
6
14
19
22
24
29
42
65
94
122
139
144
141
135
130
127
125
125
126
132
141
150
154
149
133
111
92
82
83
90
96
101
107
113
120
126
128
129
131
140
159
186
214
235
243
240
234
228
224
220
218
217
220
227
235
240
239
226
205
184
172
170
176
184
191
198
205
214
221
226
229
232
240
256
282
313
338
351
352
347
341
337
334
332
332
334
341
350
358
360
353
335
314
299
295
300
309
317
324
331
340
348
354
357
358
363
375
396
424
449
463
465
458
448
440
432
424
418
413
412
414
416
413
401
379
350
324
308
302
301
301
299
297
296
295
292
285
277
270
268
276
293
311
320
317
304
286
268
252
237
223
210
201
195
191
184
169
144
111
77
52
38
31
27
21
15
10
7
2
-5
-14
-22
-25
-20
-5
15
30
34
26
11
-3
-16
-26
-37
-45
-49
-49
-47
-46
-50
-64
-88
-114
-135
-144
-144
-140
-136
-134
-131
-127
-122
-121
-122
-123
-121
-112
-92
-66
-42
-29
-27
-34
-44
-51
-57
-62
-66
-67
-64
-57
-51
-50
-56
-74
-98
-119
-131
-132
-127
-123
-120
-116
-112
-107
-103
-103
-104
-104
-97
-82
-57
-31
-13
-7
-12
-21
-30
-36
-41
-46
-48
-46
-40
-32
-27
-29
-42
-62
-83
-95
-96
-90
-81
-75
-68
-61
-53
-46
-42
-40
-38
-32
-17
7
36
59
70
69
62
54
47
42
38
35
35
40
47
52
52
42
21
-3
-21
-28
-26
-20
-16
-12
-7
-2
3
6
6
6
9
18
38
65
89
103
104
97
87
79
72
66
61
58
60
65
69
69
60
41
15
-9
-22
-25
-22
-19
-18
-16
-12
-9
-7
-8
-10
-10
-5
10
33
57
74
77
70
59
49
41
33
26
22
21
24
29
30
25
9
-14
-38
-54
-58
-54
-49
-45
-41
-36
-30
-25
-22
-22
-21
-16
-2
21
48
70
79
76
67
57
48
41
34
29
28
30
36
39
38
26
5
-19
-38
-44
-42
-36
-32
-28
-23
-18
-13
-11
-12
-13
-11
-2
17
42
66
78
78
70
59
50
42
35
29
26
28
33
37
38
30
11
-14
-36
-48
-49
-46
-42
-39
-36
-33
-28
-25
-26
-28
-28
-22
-7
17
42
59
63
57
47
37
30
23
17
14
15
19
25
28
25
10
-12
-34
-48
-51
-46
-40
-35
-30
-24
-17
-11
-7
-6
-5
0
14
38
66
88
98
96
88
78
71
65
59
56
56
60
67
72
72
62
42
20
3
-2
2
9
15
21
27
34
40
44
45
45
49
59
79
106
131
145
147
140
131
123
117
112
107
106
109
116
122
124
119
102
79
59
49
49
55
60
65
70
76
82
86
88
88
89
96
113
138
163
181
185
179
169
159
151
144
137
133
132
135
140
141
135
119
95
71
54
49
50
53
55
57
60
63
66
66
63
61
64
75
95
119
137
144
139
128
116
107
99
93
88
88
93
100
107
108
101
83
63
49
47
53
63
72
81
89
99
108
113
116
117
121
132
153
181
206
220
222
215
207
199
194
190
186
185
188
195
201
203
196
178
154
134
123
123
129
135
140
145
151
158
162
163
163
164
171
186
210
235
251
253
246
234
222
211
202
192
185
182
182
183
182
174
155
128
101
83
76
76
78
79
79
81
83
84
82
78
74
75
84
104
127
145
151
146
135
123
113
104
96
90
88
89
93
96
93
81
59
34
15
8
10
15
19
23
27
33
38
40
40
39
41
50
70
96
120
133
134
126
117
108
101
94
89
85
86
90
94
93
83
62
36
12
-1
-4
-1
2
4
6
11
16
19
19
18
19
26
43
68
94
112
117
111
101
92
84
77
70
66
64
67
70
71
64
47
22
-3
-19
-25
-23
-20
-18
-16
-14
-12
-11
-13
-18
-22
-22
-15
2
23
40
46
44
41
42
53
72
102
143
198
265
342
423
504
578
644
710
782
866
959
1054
1147
1235
1322
1406
1485
1556
1619
1674
1723
1771
1818
1860
1889
1896
1879
1841
1789
1727
1658
1580
1497
1410
1322
1233
1140
1039
927
802
670
539
418
306
199
91
-18
-126
-232
-337
-441
-546
-648
-744
-829
-898
-952
-998
-1046
-1098
-1155
-1209
-1256
-1297
-1331
-1359
-1379
-1391
-1394
-1391
-1387
-1386
-1393
-1406
-1416
-1416
-1404
-1383
-1360
-1337
-1315
-1290
-1265
-1240
-1217
-1196
-1174
-1147
-1111
-1063
-1012
-966
-931
-908
-891
-874
-856
-836
-816
-795
-771
-744
-716
-690
-671
-662
-664
-670
-671
-661
-642
-621
-601
-582
-563
-544
-525
-509
-496
-483
-468
-445
-412
-373
-336
-310
-296
-291
-289
-285
-280
-275
-270
-262
-251
-237
-225
-217
-219
-233
-253
-271
-279
-278
-271
-265
-260
-255
-249
-243
-239
-238
-239
-237
-230
-213
-187
-160
-141
-135
-139
-147
-154
-160
-165
-169
-171
-170
-165
-159
-157
-162
-179
-204
-230
-247
-254
-254
-253
-252
-252
-251
-249
-248
-249
-253
-255
-253
-242
-220
-195
-174
-166
-168
-178
-187
-196
-203
-209
-214
-216
-214
-209
-206
-210
-223
-246
-272
-292
-302
-302
-299
-297
-296
-295
-292
-289
-288
-290
-292
-291
-281
-261
-234
-210
-195
-193
-199
-207
-213
-218
-223
-226
-227
-224
-218
-213
-212
-221
-240
-266
-289
-302
-305
-303
-301
-301
-300
-298
-297
-296
-299
-302
-303
-298
-284
-260
-235
-219
-215
-221
-231
-241
-248
-255
-260
-264
-264
-260
-255
-253
-259
-275
-300
-324
-340
-345
-343
-339
-336
-333
-329
-325
-321
-320
-321
-321
-316
-303
-280
-253
-232
-222
-224
-233
-242
-249
-255
-260
-263
-263
-259
-252
-247
-248
-258
-279
-302
-319
-325
-322
-315
-310
-305
-299
-292
-285
-281
-279
-278
-273
-261
-239
-210
-183
-167
-163
-167
-174
-179
-183
-187
-189
-189
-184
-176
-169
-166
-172
-189
-212
-232
-243
-243
-237
-231
-227
-222
-215
-208
-203
-200
-199
-195
-185
-166
-138
-109
-88
-80
-82
-88
-93
-97
-100
-102
-103
-99
-91
-83
-77
-79
-92
-112
-132
-143
-143
-135
-126
-117
-109
-99
-88
-78
-71
-66
-60
-50
-31
-1
31
58
73
77
75
72
71
72
73
75
80
90
101
111
115
109
93
75
63
62
70
81
92
102
112
124
136
144
151
156
166
182
209
241
271
290
297
295
290
287
284
282
280
281
284
291
297
298
289
270
244
221
208
205
207
209
210
210
212
214
214
211
206
203
207
219
240
262
274
274
264
250
236
223
211
199
189
183
180
178
172
159
135
102
70
47
34
29
25
19
14
9
6
1
-7
-17
-26
-30
-26
-11
7
20
21
10
-6
-23
-37
-51
-64
-76
-85
-89
-92
-96
-106
-125
-155
-187
-213
-228
-233
-235
-238
-241
-243
-244
-245
-248
-254
-260
-263
-258
-242
-220
-201
-192
-195
-206
-219
-231
-242
-252
-261
-266
-268
-267
-267
-271
-283
-307
-336
-362
-378
-384
-385
-385
-387
-387
-387
-385
-386
-389
-393
-395
-391
-376
-353
-329
-314
-311
-318
-329
-339
-348
-356
-363
-369
-371
-369
-366
-366
-374
-392
-418
-443
-459
-465
-462
-458
-455
-452
-448
-443
-439
-438
-438
-438
-433
-419
-395
-368
-346
-336
-338
-346
-354
-360
-366
-371
-374
-375
-371
-366
-362
-364
-377
-399
-423
-442
-449
-448
-442
-438
-434
-430
-424
-419
-416
-415
-415
-410
-398
-376
-347
-321
-305
-301
-306
-313
-318
-322
-325
-328
-327
-323
-316
-309
-306
-313
-330
-353
-372
-382
-381
-375
-369
-364
-359
-353
-346
-342
-340
-340
-337
-329
-310
-283
-256
-237
-230
-234
-241
-248
-253
-257
-261
-262
-260
-254
-247
-243
-248
-262
-286
-309
-323
-327
-323
-318
-315
-312
-308
-304
-301
-301
-303
-304
-301
-290
-268
-243
-224
-217
-222
-232
-244
-254
-262
-270
-276
-279
-278
-275
-273
-277
-291
-315
-341
-362
-371
-372
-369
-367
-366
-365
-362
-360
-360
-362
-365
-365
-356
-338
-313
-290
-277
-277
-285
-294
-303
-309
-315
-319
-321
-318
-313
-308
-307
-316
-335
-360
-382
-394
-395
-392
-388
-386
-383
-378
-374
-371
-370
-371
-370
-363
-345
-320
-293
-275
-269
-274
-282
-289
-295
-299
-304
-306
-304
-299
-294
-292
-297
-313
-336
-360
-374
-377
-373
-368
-363
-358
-352
-345
-339
-335
-333
-330
-322
-306
-279
-250
-226
-213
-213
-218
-225
-229
-233
-236
-238
-236
-231
-224
-218
-219
-229
-249
-272
-288
-293
-289
-283
-277
-272
-267
-260
-254
-251
-250
-249
-246
-234
-213
-185
-159
-145
-142
-148
-156
-162
-166
-171
-174
-175
-171
-165
-160
-159
-168
-187
-213
-235
-247
-249
-246
-242
-240
-237
-233
-228
-225
-225
-226
-225
-216
-198
-171
-144
-125
-118
-121
-128
-134
-139
-142
-145
-146
-143
-136
-128
-123
-126
-140
-162
-183
-195
-197
-192
-186
-181
-177
-171
-165
-160
-158
-157
-156
-151
-136
-112
-84
-62
-52
-53
-61
-69
-76
-81
-87
-90
-91
-87
-81
-77
-79
-90
-111
-134
-151
-157
-153
-146
-140
-134
-128
-121
-115
-111
-110
-109
-106
-95
-75
-49
-26
-13
-14
-22
-32
-41
-49
-56
-61
-63
-61
-57
-53
-53
-62
-82
-107
-129
-140
-142
-138
-133
-130
-127
-121
-116
-112
-111
-110
-108
-99
-80
-52
-24
-5
2
-1
-8
-14
-19
-24
-28
-30
-28
-23
-18
-16
-21
-38
-62
-87
-103
-108
-106
-103
-101
-100
-98
-95
-93
-95
-98
-101
-99
-88
-66
-42
-22
-15
-19
-29
-40
-49
-56
-63
-69
-71
-69
-65
-64
-69
-84
-108
-136
-157
-167
-168
-166
-165
-164
-163
-160
-158
-158
-160
-163
-162
-153
-134
-108
-86
-74
-74
-82
-92
-100
-107
-113
-118
-120
-118
-113
-109
-109
-119
-139
-164
-185
-196
-197
-193
-189
-186
-182
-178
-172
-169
-168
-168
-167
-158
-140
-113
-85
-66
-59
-62
-69
-75
-79
-83
-86
-87
-84
-78
-71
-68
-72
-86
-109
-132
-145
-148
-143
-138
-133
-129
-124
-118
-113
-111
-111
-111
-105
-91
-68
-42
-21
-13
-17
-27
-38
-47
-56
-65
-72
-74
-69
-57
-41
-24
-9
5
28
67
128
206
293
386
481
581
685
789
891
991
1091
1193
1299
1413
1528
1637
1729
1802
1860
1907
1945
1974
1991
1996
1992
1978
1955
1918
1864
1790
1696
1588
1476
1368
1265
1163
1057
947
835
723
610
494
375
254
137
26
-74
-163
-249
-341
-441
-547
-651
-749
-838
-920
-994
-1058
-1112
-1156
-1193
-1227
-1264
-1306
-1351
-1392
-1419
-1430
-1431
-1426
-1419
-1410
-1397
-1383
-1368
-1355
-1343
-1329
-1308
-1279
-1238
-1193
-1152
-1122
-1102
-1087
-1070
-1051
-1028
-1005
-978
-947
-912
-875
-839
-810
-792
-783
-778
-768
-747
-719
-690
-663
-639
-615
-592
-572
-554
-541
-529
-514
-492
-460
-422
-387
-362
-349
-344
-341
-335
-327
-318
-307
-293
-275
-255
-235
-220
-215
-222
-234
-245
-245
-237
-225
-214
-206
-199
-191
-185
-181
-181
-183
-183
-177
-161
-137
-112
-96
-91
-95
-103
-109
-113
-115
-117
-115
-109
-100
-89
-82
-83
-95
-115
-136
-148
-150
-145
-141
-138
-136
-134
-132
-132
-135
-140
-145
-144
-134
-114
-91
-73
-66
-69
-78
-86
-92
-95
-97
-97
-93
-84
-74
-65
-62
-69
-86
-106
-120
-123
-118
-111
-105
-101
-97
-92
-88
-88
-90
-93
-92
-84
-65
-40
-17
-5
-4
-11
-20
-27
-31
-35
-38
-37
-31
-23
-15
-12
-18
-36
-58
-78
-87
-87
-83
-79
-77
-74
-71
-68
-67
-69
-73
-74
-70
-55
-31
-7
8
11
5
-5
-14
-21
-26
-31
-33
-31
-25
-18
-15
-19
-34
-57
-79
-93
-96
-92
-87
-85
-82
-79
-75
-73
-73
-76
-78
-76
-64
-42
-18
1
8
4
-6
-16
-23
-29
-35
-38
-38
-34
-27
-23
-25
-38
-60
-85
-103
-111
-110
-107
-105
-103
-101
-99
-97
-98
-101
-104
-104
-96
-78
-53
-31
-20
-21
-29
-38
-46
-53
-58
-63
-64
-61
-56
-51
-51
-59
-79
-104
-125
-136
-137
-133
-129
-127
-124
-120
-116
-113
-113
-114
-113
-105
-87
-60
-33
-14
-7
-10
-16
-21
-24
-26
-27
-26
-21
-11
-2
5
4
-7
-27
-46
-56
-56
-48
-40
-33
-27
-19
-11
-5
-1
1
4
12
29
56
86
110
122
123
119
114
112
110
109
110
115
124
135
144
147
140
123
104
91
89
96
106
114
122
130
140
148
154
157
160
167
181
206
236
264
281
285
282
278
275
273
272
272
275
283
293
302
307
302
287
266
248
240
242
249
255
259
264
269
275
278
278
277
277
284
301
325
350
365
368
360
349
338
328
319
310
303
299
298
298
294
281
258
227
196
174
162
158
154
148
142
138
133
127
119
108
98
93
97
110
126
137
135
122
104
85
69
54
40
27
19
14
11
7
-4
-25
-55
-88
-113
-127
-133
-136
-139
-143
-146
-147
-149
-153
-160
-166
-169
-164
-148
-126
-106
-98
-101
-112
-125
-136
-145
-154
-161
-166
-166
-164
-163
-166
-178
-201
-229
-253
-267
-270
-269
-268
-269
-268
-267
-265
-265
-267
-271
-272
-266
-250
-226
-202
-187
-184
-191
-201
-210
-218
-225
-231
-234
-235
-231
-227
-227
-234
-252
-277
-302
-317
-322
-319
-316
-313
-311
-307
-302
-299
-298
-299
-299
-293
-279
-255
-228
-206
-197
-198
-206
-213
-218
-222
-226
-228
-226
-221
-214
-208
-210
-221
-242
-265
-281
-287
-283
-277
-271
-266
-261
-254
-248
-244
-243
-242
-236
-223
-200
-171
-144
-129
-125
-129
-135
-139
-142
-144
-145
-143
-137
-129
-122
-119
-126
-144
-167
-186
-195
-194
-188
-182
-178
-173
-167
-161
-157
-156
-155
-152
-143
-124
-97
-70
-52
-46
-50
-57
-64
-69
-74
-78
-80
-78
-73
-68
-66
-72
-88
-112
-136
-150
-153
-149
-145
-141
-138
-134
-130
-126
-126
-127
-127
-122
-108
-84
-57
-36
-28
-30
-38
-46
-52
-57
-61
-64
-63
-58
-51
-47
-49
-62
-84
-108
-126
-132
-130
-126
-122
-120
-117
-113
-110
-109
-111
-114
-113
-104
-84
-59
-38
-27
-28
-36
-47
-55
-62
-69
-74
-77
-75
-71
-67
-69
-79
-101
-128
-150
-162
-165
-162
-160
-158
-155
-152
-148
-146
-147
-149
-148
-141
-123
-98
-72
-55
-50
-55
-63
-70
-75
-80
-84
-85
-83
-77
-71
-69
-74
-91
-115
-138
-152
-155
-152
-148
-145
-143
-140
-136
-133
-133
-135
-136
-133
-120
-97
-71
-52
-44
-47
-55
-64
-70
-75
-80
-82
-81
-76
-69
-64
-66
-78
-99
-123
-140
-146
-144
-139
-135
-133
-129
-125
-122
-122
-124
-127
-126
-117
-97
-72
-51
-39
-40
-48
-57
-65
-71
-76
-80
-81
-78
-72
-67
-68
-77
-97
-122
-144
-154
-155
-152
-148
-146
-142
-138
-134
-131
-131
-131
-129
-120
-101
-73
-45
-26
-20
-23
-30
-36
-41
-45
-49
-51
-50
-46
-42
-42
-50
-70
-98
-126
-145
-153
-155
-155
-156
-157
-156
-154
-153
-154
-156
-156
-151
-136
-111
-83
-61
-51
-52
-58
-64
-69
-72
-76
-78
-78
-73
-68
-66
-70
-85
-110
-137
-158
-168
-169
-168
-168
-168
-168
-167
-167
-169
-173
-178
-178
-171
-152
-128
-106
-95
-95
-102
-110
-116
-119
-122
-123
-120
-113
-102
-92
-87
-90
-103
-121
-135
-139
-132
-120
-109
-99
-88
-76
-65
-55
-49
-44
-37
-23
0
31
61
83
91
90
85
81
78
76
74
74
78
85
92
96
91
76
53
31
17
15
18
23
26
29
33
38
42
42
41
41
45
59
83
109
128
136
132
123
114
106
100
94
90
90
93
98
101
98
84
61
36
18
10
11
15
17
18
21
24
27
27
25
23
25
34
54
79
101
113
112
103
93
85
79
73
69
67
70
76
82
82
73
53
29
8
-2
-3
2
6
9
12
17
22
25
25
24
25
34
51
77
103
120
124
118
109
100
93
86
80
76
76
79
82
82
74
54
28
3
-13
-17
-16
-13
-12
-11
-10
-8
-8
-11
-16
-20
-18
-4
22
54
84
106
123
143
170
206
252
306
367
438
517
601
686
767
838
901
962
1029
1106
1189
1272
1351
1424
1495
1560
1618
1666
1702
1730
1752
1771
1790
1803
1801
1778
1732
1669
1596
1518
1434
1346
1254
1161
1069
977
882
780
668
544
414
288
172
67
-34
-132
-231
-326
-416
-502
-585
-665
-740
-807
-860
-896
-917
-933
-951
-977
-1008
-1036
-1059
-1075
-1086
-1091
-1088
-1078
-1062
-1041
-1022
-1009
-1005
-1008
-1008
-999
-979
-952
-924
-897
-871
-843
-815
-788
-764
-742
-719
-691
-654
-607
-558
-516
-486
-467
-454
-441
-427
-412
-397
-380
-360
-337
-312
-290
-275
-270
-276
-284
-285
-276
-259
-239
-222
-205
-189
-172
-157
-144
-136
-127
-116
-98
-69
-36
-7
10
15
12
8
4
2
0
0
2
9
17
25
28
22
4
-18
-36
-44
-43
-37
-32
-28
-24
-19
-14
-11
-10
-12
-10
-3
15
41
66
82
86
81
72
65
59
54
50
48
50
55
61
63
58
42
19
-3
-16
-17
-12
-6
-2
2
7
13
18
20
20
20
26
41
65
92
112
120
117
108
100
93
87
82
79
79
84
90
94
92
80
59
36
21
17
21
28
33
38
44
51
56
59
59
59
62
73
94
120
142
154
153
144
134
126
120
114
109
107
109
114
118
117
108
87
63
42
33
33
38
43
47
51
56
62
66
66
66
67
75
93
119
145
161
165
159
150
141
135
129
123
121
122
126
130
131
125
107
83
60
47
45
49
55
59
63
68
74
78
79
78
78
83
96
120
145
164
170
165
155
144
136
128
120
115
113
116
120
122
118
104
80
55
38
33
36
41
46
50
55
61
67
70
70
69
73
84
106
133
156
169
169
162
154
148
143
139
137
138
143
151
159
161
154
137
116
99
93
97
105
113
121
128
137
146
153
158
161
166
178
200
230
260
280
287
285
280
275
273
270
268
269
273
281
289
293
290
276
255
235
225
226
233
242
249
256
264
273
280
285
287
290
298
315
342
370
392
401
400
392
385
380
376
373
372
375
382
391
399
400
391
374
355
344
344
352
363
373
382
391
402
411
418
422
426
433
448
473
503
529
543
546
540
533
528
524
520
517
517
520
526
531
530
520
499
472
450
438
436
437
437
436
435
435
434
431
425
417
411
411
422
439
456
463
458
442
424
406
389
373
357
344
335
330
325
317
301
274
240
207
185
173
168
164
160
155
152
149
145
138
129
122
120
128
144
164
177
179
169
155
140
128
118
109
102
99
101
104
106
102
88
65
42
25
21
25
32
38
43
50
58
64
69
70
72
78
91
115
143
168
182
183
178
170
165
160
156
153
153
157
164
170
171
163
144
120
101
93
95
101
107
112
118
125
132
137
139
140
143
153
173
200
226
243
248
243
235
227
221
216
211
209
211
215
220
222
215
198
174
152
139
137
141
146
151
155
160
165
169
170
169
169
175
190
214
240
260
267
264
255
246
239
232
227
223
223
227
232
235
231
217
194
169
152
146
148
152
156
159
162
166
170
170
168
165
167
175
194
218
238
247
244
234
222
211
202
194
187
184
184
188
190
187
176
154
127
106
95
95
99
102
105
109
113
117
119
119
117
118
126
144
169
193
209
212
205
196
187
180
174
169
166
167
172
177
179
172
155
131
109
96
93
98
103
107
112
117
123
127
128
127
128
133
148
172
198
218
225
221
212
203
196
190
184
180
180
184
189
193
189
176
154
130
114
109
113
118
122
126
130
135
138
139
138
136
138
147
167
192
213
223
221
211
201
192
184
177
172
171
173
178
181
180
169
148
123
102
93
93
97
101
104
108
112
117
119
118
116
117
125
142
168
192
207
210
203
194
185
177
171
165
162
163
167
172
173
166
149
124
102
90
88
94
100
105
110
116
122
127
128
128
129
135
151
175
202
222
230
226
217
208
202
196
192
190
191
197
204
209
208
196
175
153
139
135
140
147
153
158
164
170
175
177
177
176
178
188
208
233
254
264
261
251
240
231
223
216
210
208
209
214
217
215
203
181
155
133
121
120
122
124
125
126
128
131
131
128
124
122
128
143
165
187
199
199
190
177
166
156
147
138
132
131
132
135
134
125
106
80
56
42
39
43
47
49
52
56
60
63
61
58
55
57
68
87
109
123
124
114
98
82
68
55
43
33
27
26
26
26
19
3
-21
-47
-64
-69
-65
-59
-53
-48
-42
-34
-28
-25
-24
-24
-20
-9
12
37
58
68
65
54
42
32
22
13
5
1
1
3
4
-1
-15
-39
-67
-91
-103
-106
-105
-103
-103
-101
-98
-95
-94
-95
-97
-96
-88
-69
-43
-17
1
6
3
-3
-8
-10
-12
-12
-9
-2
9
20
27
26
15
-4
-21
-28
-25
-16
-7
1
8
17
25
31
35
36
37
44
60
85
111
131
138
134
125
116
109
102
97
93
93
96
102
104
101
86
63
39
22
16
19
24
28
31
34
39
42
42
40
38
40
50
69
94
114
123
121
110
99
89
80
72
65
61
62
65
67
64
52
29
3
-19
-30
-31
-28
-26
-24
-22
-18
-15
-14
-15
-18
-19
-12
4
28
51
64
64
55
43
32
23
15
7
3
2
5
9
9
1
-17
-42
-65
-78
-81
-77
-73
-70
-66
-62
-58
-55
-55
-58
-59
-55
-43
-21
2
18
22
15
2
-11
-22
-32
-41
-48
-52
-52
-50
-50
-58
-75
-102
-129
-149
-156
-153
-146
-137
-124
-107
-83
-54
-21
17
61
117
187
272
368
463
550
628
699
771
845
921
996
1071
1146
1223
1298
1369
1429
1475
1503
1520
1535
1551
1567
1579
1579
1569
1548
1519
1479
1429
1368
1299
1226
1155
1088
1026
959
879
785
679
569
458
348
238
129
22
-80
-177
-271
-365
-464
-568
-673
-770
-851
-915
-966
-1008
-1046
-1077
-1102
-1121
-1136
-1150
-1161
-1166
-1161
-1141
-1109
-1071
-1037
-1013
-997
-985
-971
-955
-936
-917
-895
-870
-840
-809
-780
-758
-746
-743
-742
-733
-713
-685
-655
-626
-599
-571
-544
-518
-495
-476
-458
-436
-407
-369
-327
-288
-262
-248
-241
-235
-228
-220
-211
-201
-188
-171
-151
-133
-120
-116
-124
-136
-144
-142
-132
-118
-105
-94
-83
-72
-62
-55
-52
-50
-46
-36
-16
11
36
51
54
48
38
30
24
18
13
11
12
17
23
24
18
1
-22
-43
-55
-56
-51
-45
-40
-36
-30
-25
-21
-20
-21
-22
-17
-3
20
44
61
65
58
46
34
24
15
7
2
0
3
8
11
8
-6
-28
-50
-65
-69
-64
-57
-51
-46
-40
-34
-29
-27
-28
-29
-26
-16
5
30
50
59
56
45
34
23
14
6
-1
-4
-3
0
3
1
-10
-32
-57
-77
-86
-85
-80
-76
-74
-70
-66
-62
-61
-63
-66
-66
-60
-44
-21
1
13
12
3
-10
-21
-30
-39
-46
-51
-52
-50
-47
-47
-55
-73
-98
-121
-134
-136
-131
-126
-122
-118
-113
-108
-104
-103
-105
-105
-100
-85
-62
-37
-20
-14
-20
-30
-40
-48
-55
-62
-66
-67
-63
-58
-55
-58
-71
-93
-116
-131
-134
-129
-122
-117
-111
-105
-99
-93
-90
-91
-91
-87
-76
-54
-27
-5
6
4
-4
-13
-21
-27
-32
-36
-36
-31
-24
-18
-16
-24
-42
-63
-79
-84
-80
-71
-63
-56
-48
-39
-31
-25
-22
-20
-16
-5
16
43
69
86
90
85
77
71
66
62
60
60
65
73
81
86
82
69
48
31
23
27
36
46
55
63
73
83
90
94
96
100
108
125
151
179
200
208
205
198
191
186
183
180
180
184
192
201
209
210
201
184
166
155
156
166
177
187
196
206
216
225
232
235
239
246
262
287
317
342
356
357
352
345
339
335
332
331
332
338
347
355
358
351
334
313
297
292
297
305
313
320
326
334
340
344
345
344
345
353
370
393
415
426
424
413
398
384
372
360
348
340
335
333
332
326
313
288
257
227
208
198
195
192
188
184
180
176
171
162
151
141
137
141
155
169
176
170
154
132
110
91
72
54
38
26
17
11
3
-12
-37
-71
-105
-130
-144
-149
-153
-156
-161
-164
-166
-169
-175
-184
-192
-196
-192
-178
-159
-144
-141
-149
-164
-179
-193
-205
-215
-223
-228
-227
-224
-222
-225
-236
-257
-282
-301
-308
-306
-299
-293
-288
-282
-276
-269
-265
-264
-263
-260
-250
-231
-204
-178
-163
-159
-165
-174
-182
-187
-192
-196
-197
-195
-188
-182
-179
-184
-200
-222
-242
-252
-252
-245
-237
-231
-224
-216
-209
-202
-199
-198
-196
-188
-172
-146
-119
-100
-93
-98
-107
-116
-124
-130
-136
-139
-139
-135
-129
-126
-129
-142
-163
-186
-200
-203
-198
-191
-186
-181
-175
-169
-165
-163
-165
-166
-164
-154
-134
-109
-89
-80
-83
-94
-105
-114
-121
-128
-133
-134
-131
-126
-121
-121
-131
-151
-174
-192
-199
-196
-190
-184
-179
-174
-168
-162
-159
-159
-161
-159
-152
-134
-109
-86
-72
-71
-79
-90
-99
-107
-113
-119
-122
-121
-116
-111
-110
-117
-135
-159
-180
-191
-192
-186
-179
-174
-169
-162
-155
-150
-148
-148
-147
-140
-124
-99
-73
-54
-48
-53
-63
-73
-81
-88
-94
-98
-98
-95
-89
-86
-90
-104
-126
-149
-163
-166
-161
-155
-149
-144
-138
-132
-127
-125
-125
-126
-122
-111
-90
-65
-44
-36
-39
-49
-60
-70
-78
-85
-91
-94
-92
-87
-84
-86
-97
-118
-143
-162
-169
-167
-161
-155
-150
-145
-138
-131
-127
-126
-126
-123
-114
-95
-68
-44
-30
-28
-36
-46
-55
-61
-67
-72
-74
-72
-66
-60
-58
-64
-80
-102
-122
-131
-130
-122
-113
-106
-99
-90
-81
-75
-71
-69
-66
-57
-39
-12
16
37
45
43
35
28
22
18
14
12
14
20
27
32
31
19
-1
-21
-33
-35
-28
-19
-12
-5
3
11
18
22
23
25
31
44
68
96
119
130
130
123
115
109
104
100
97
98
103
110
117
118
109
91
69
52
46
50
58
66
72
79
87
94
99
101
102
105
116
136
163
188
203
206
199
190
182
175
169
164
162
164
169
174
176
169
151
127
106
95
94
100
105
110
115
121
127
131
132
130
130
136
150
174
199
216
220
214
203
192
183
174
166
160
157
159
161
160
153
135
109
81
62
54
54
56
57
58
60
62
64
62
59
55
56
65
85
109
129
137
135
126
116
109
104
101
99
101
108
118
126
130
124
108
88
74
70
76
85
93
100
107
114
121
126
127
128
132
143
164
192
219
236
240
236
230
224
220
216
213
213
216
222
229
231
224
207
184
163
153
153
159
166
171
177
183
190
195
197
196
198
204
220
245
271
289
294
288
278
268
259
252
245
240
238
240
244
245
239
223
199
174
158
153
155
160
164
167
171
175
179
179
177
175
178
188
208
233
253
261
258
247
237
228
220
214
209
208
211
216
221
221
211
191
168
151
145
148
155
161
167
173
180
187
191
192
192
195
205
225
252
276
291
293
287
278
270
263
258
253
251
252
257
262
262
255
236
211
189
177
176
180
185
189
192
197
201
204
204
202
201
206
220
243
267
283
287
280
268
257
247
238
230
224
222
224
228
228
222
206
181
156
139
133
135
138
139
140
141
143
143
140
136
134
139
156
186
224
263
296
325
354
389
433
485
544
609
682
762
847
933
1014
1087
1149
1207
1269
1339
1415
1492
1564
1630
1691
1746
1794
1830
1855
1870
1878
1882
1885
1884
1870
1835
1780
1707
1625
1537
1446
1350
1251
1151
1053
956
858
754
641
516
386
259
143
38
-60
-155
-247
-336
-418
-495
-567
-637
-701
-758
-801
-828
-840
-846
-853
-868
-889
-909
-924
-931
-934
-931
-922
-907
-884
-858
-833
-813
-803
-800
-797
-786
-764
-735
-703
-673
-644
-614
-583
-554
-528
-505
-481
-453
-417
-372
-322
-278
-246
-226
-213
-202
-189
-175
-161
-146
-128
-106
-82
-60
-44
-38
-43
-51
-54
-47
-31
-12
7
24
41
60
77
91
102
112
124
143
171
206
237
259
267
266
263
260
259
258
258
261
268
278
288
293
290
276
255
238
230
233
241
250
257
264
271
279
284
287
287
289
297
313
339
365
384
390
385
375
366
359
352
347
343
344
349
356
360
357
345
323
302
289
287
292
300
305
311
317
323
328
330
329
328
330
341
362
387
406
413
409
398
385
375
366
357
351
348
349
353
356
354
342
320
295
277
269
271
277
281
285
289
294
298
299
298
296
297
304
322
346
368
380
380
372
361
352
344
337
331
328
329
333
338
338
330
312
288
267
256
256
261
267
272
277
282
289
293
294
294
295
303
319
345
371
390
396
392
383
375
368
362
357
353
354
359
365
368
364
350
327
305
291
288
292
299
304
310
316
323
328
330
330
331
335
349
372
399
421
432
431
423
414
407
402
398
395
396
402
410
416
417
409
390
368
353
348
352
360
367
373
380
388
396
401
403
405
411
423
446
475
501
518
522
518
511
506
502
498
496
497
501
509
517
520
516
500
479
461
452
454
462
471
478
485
494
502
509
512
515
518
528
548
576
605
627
636
634
628
622
618
614
612
611
615
622
630
636
634
622
601
581
569
568
575
583
590
597
605
613
620
625
627
630
638
654
680
710
734
747
749
743
737
733
731
729
728
731
739
748
756
759
752
734
713
699
695
700
708
716
723
731
740
749
755
758
760
766
778
801
829
856
871
874
868
860
853
848
842
838
836
838
843
847
846
836
816
789
765
751
746
747
747
746
745
744
743
740
734
726
719
719
727
744
762
771
768
754
736
717
701
684
669
655
645
638
633
625
609
583
548
513
487
471
463
457
449
441
434
428
421
411
400
389
382
385
398
415
428
428
418
401
385
370
357
345
335
329
328
329
329
323
308
283
255
234
224
223
226
229
230
232
236
239
240
239
237
238
247
266
293
316
331
333
326
317
310
304
299
295
294
297
303
309
311
304
286
262
241
231
230
235
240
244
248
254
259
264
265
265
267
275
292
318
344
362
367
363
354
346
339
334
329
327
329
335
342
346
344
330
309
288
275
273
279
286
292
298
305
312
319
322
322
324
329
343
367
394
415
425
423
414
405
398
391
386
381
381
384
391
396
395
385
364
341
324
317
320
326
332
336
341
347
353
355
355
355
357
366
386
412
435
448
449
441
431
423
415
408
402
399
400
405
409
408
399
379
354
332
319
317
321
324
326
329
333
337
339
338
337
337
343
359
384
410
427
432
427
417
408
401
394
388
383
383
386
391
392
386
370
345
321
305
300
303
307
310
313
317
322
325
326
324
323
326
338
359
384
403
410
406
395
383
372
363
355
348
345
345
348
349
344
330
306
279
259
250
251
254
257
260
263
267
270
271
269
267
268
277
295
320
343
355
356
348
338
329
323
316
311
309
310
315
320
320
312
293
269
247
236
236
240
244
248
252
257
262
266
266
266
267
275
292
318
344
361
367
362
353
344
337
331
326
323
324
329
334
337
332
316
293
269
254
251
254
260
265
270
276
283
288
291
292
294
300
315
340
369
392
403
402
395
387
380
375
369
366
366
370
376
381
380
369
348
325
308
302
305
312
317
322
328
335
341
345
347
348
352
363
385
412
437
451
453
446
438
430
424
419
414
412
414
419
423
423
414
394
369
347
335
333
337
341
343
346
350
354
356
356
355
355
362
378
402
427
443
447
441
430
419
410
402
395
389
387
389
392
391
383
363
336
309
290
282
281
281
280
278
277
277
275
271
264
259
259
267
286
308
325
330
324
312
299
289
281
273
268
266
270
276
281
280
270
251
229
214
211
216
225
232
239
246
254
261
265
266
266
270
280
300
326
350
363
364
356
347
339
333
327
323
321
324
330
335
335
326
307
281
259
247
245
249
252
254
257
260
264
265
264
261
260
264
279
301
324
338
339
330
317
304
293
282
272
264
260
259
259
256
246
225
196
167
147
138
137
137
135
134
134
135
134
131
125
121
121
130
149
171
188
192
185
173
159
148
138
128
121
117
117
119
120
115
101
77
50
29
19
19
21
23
23
25
28
30
29
26
22
22
29
47
71
92
103
101
92
81
71
63
55
49
46
48
52
56
55
45
24
-2
-25
-38
-41
-39
-37
-36
-35
-33
-31
-32
-35
-39
-42
-38
-24
-2
20
34
35
26
14
3
-7
-16
-25
-31
-33
-32
-29
-31
-39
-59
-86
-112
-130
-137
-136
-135
-134
-133
-132
-130
-129
-132
-136
-141
-140
-132
-114
-92
-77
-74
-82
-95
-106
-111
-111
-104
-89
-61
-21
31
91
154
214
270
327
395
476
568
664
759
854
948
1042
1132
1216
1295
1369
1442
1516
1593
1667
1730
1772
1791
1791
1778
1754
1720
1675
1621
1560
1495
1426
1350
1265
1165
1052
929
808
695
591
489
387
282
177
72
-33
-140
-249
-358
-462
-558
-640
-708
-771
-836
-907
-982
-1053
-1117
-1172
-1221
-1263
-1298
-1323
-1340
-1351
-1359
-1370
-1388
-1409
-1426
-1431
-1423
-1407
-1387
-1367
-1347
-1325
-1301
-1279
-1259
-1241
-1221
-1196
-1162
-1117
-1069
-1026
-994
-973
-958
-942
-925
-906
-886
-865
-840
-811
-781
-752
-730
-719
-719
-722
-719
-706
-686
-664
-643
-623
-604
-585
-566
-551
-539
-527
-512
-489
-457
-418
-382
-357
-345
-341
-339
-335
-330
-325
-319
-311
-298
-283
-269
-260
-261
-273
-292
-307
-313
-310
-302
-294
-289
-283
-277
-270
-266
-264
-264
-261
-252
-233
-206
-178
-159
-152
-155
-162
-169
-173
-177
-181
-182
-179
-173
-167
-164
-169
-185
-209
-233
-249
-254
-253
-250
-249
-248
-246
-244
-242
-243
-247
-249
-245
-233
-210
-184
-164
-155
-157
-165
-172
-178
-182
-185
-186
-183
-175
-166
-159
-158
-167
-186
-208
-223
-228
-225
-219
-214
-209
-204
-198
-192
-189
-187
-186
-181
-168
-145
-115
-88
-71
-66
-69
-73
-76
-77
-77
-76
-72
-64
-54
-44
-39
-44
-60
-82
-101
-109
-108
-102
-96
-92
-87
-82
-76
-72
-71
-71
-68
-59
-40
-13
14
33
39
36
29
22
17
13
9
9
12
18
25
29
25
10
-12
-35
-48
-51
-47
-42
-38
-34
-29
-23
-18
-16
-16
-15
-9
7
33
61
84
94
94
88
81
76
73
69
67
69
74
81
86
85
73
52
27
10
2
3
6
8
9
10
12
13
12
9
5
5
13
31
56
78
89
88
79
69
60
53
46
41
39
41
45
49
48
37
16
-11
-34
-47
-50
-48
-46
-45
-44
-41
-38
-37
-38
-40
-39
-32
-14
12
39
57
63
59
52
46
42
38
35
34
38
45
52
56
53
38
16
-5
-17
-18
-12
-4
2
9
17
26
34
40
45
50
61
82
113
146
175
191
197
196
196
197
199
201
206
214
226
240
252
257
253
239
223
213
214
223
236
247
257
268
280
291
300
306
312
321
339
366
400
430
449
456
455
453
451
452
452
453
458
466
476
486
490
486
469
447
429
420
421
426
431
434
438
442
446
447
446
443
443
449
465
489
512
527
529
521
509
498
488
479
470
464
461
462
463
459
448
426
396
367
346
335
331
328
324
319
315
312
308
300
291
283
280
286
302
321
333
334
323
307
290
276
262
249
238
230
227
225
221
212
192
162
131
106
93
88
86
83
81
79
79
78
76
71
66
66
73
92
116
138
149
148
140
130
121
115
108
103
102
104
109
113
112
102
81
54
32
20
18
21
24
26
29
33
36
38
38
36
38
45
63
90
116
135
140
136
129
122
117
112
108
106
108
113
119
121
114
97
72
49
34
30
33
37
41
44
49
54
58
60
60
61
67
83
108
136
157
167
165
158
151
145
141
137
135
137
142
149
154
152
140
118
94
78
72
74
79
83
86
91
96
100
102
101
101
104
115
137
164
188
201
202
196
188
182
177
173
170
170
175
182
188
188
180
160
135
114
104
104
108
111
113
116
120
125
127
126
125
126
134
152
178
203
220
224
218
209
200
194
187
182
179
179
183
188
188
181
164
138
114
99
94
96
98
99
100
102
104
104
102
98
96
98
110
131
155
172
177
171
160
148
139
130
121
115
112
113
116
117
111
96
70
43
23
14
13
15
16
17
18
20
21
20
17
13
13
20
38
61
81
91
88
77
65
55
46
37
30
27
27
30
32
29
17
-5
-32
-56
-68
-71
-70
-68
-67
-66
-64
-62
-62
-65
-69
-70
-65
-50
-27
-4
10
11
2
-9
-20
-29
-38
-46
-52
-53
-51
-49
-49
-58
-78
-104
-130
-145
-150
-147
-144
-141
-139
-135
-130
-127
-127
-128
-128
-124
-110
-86
-60
-40
-32
-36
-45
-53
-61
-67
-72
-75
-74
-70
-63
-58
-60
-71
-91
-114
-129
-133
-129
-122
-116
-111
-104
-97
-91
-87
-86
-85
-80
-67
-44
-16
9
23
25
19
12
6
1
-2
-5
-5
0
7
13
14
5
-14
-38
-58
-67
-67
-62
-58
-55
-52
-47
-43
-40
-40
-41
-40
-32
-13
13
39
56
61
57
50
43
39
36
33
34
39
47
57
63
62
50
30
11
1
2
9
16
22
27
32
38
42
43
42
41
45
58
79
103
121
125
119
107
95
85
76
68
63
61
63
67
69
66
52
30
6
-11
-17
-14
-8
-4
0
4
9
13
14
12
10
11
19
38
61
80
87
82
70
56
43
32
21
12
5
3
4
5
0
-13
-36
-63
-85
-95
-96
-91
-86
-82
-76
-70
-63
-58
-55
-53
-47
-35
-13
18
48
69
78
77
73
70
68
67
67
68
74
82
91
95
92
78
57
37
26
27
33
41
47
52
59
66
72
74
75
76
82
97
121
147
167
174
171
161
152
144
137
131
127
126
130
135
138
134
121
98
74
57
52
55
60
65
68
73
78
82
84
83
81
83
93
114
140
162
174
174
166
157
150
145
140
136
135
138
144
150
150
141
122
99
80
71
73
78
84
88
93
99
104
108
108
108
110
119
138
165
191
209
214
209
201
195
190
186
183
182
185
192
199
203
199
184
162
142
131
131
137
143
149
154
161
168
173
175
175
176
182
196
220
246
265
271
267
257
246
237
230
222
217
215
217
221
225
226
223
216
216
230
265
317
382
455
535
623
716
814
912
1009
1108
1213
1325
1448
1574
1694
1800
1891
1969
2041
2108
2168
2220
2263
2298
2325
2341
2344
2329
2290
2229
2151
2067
1984
1903
1820
1731
1636
1537
1436
1333
1225
1114
1000
888
783
688
601
514
420
315
203
91
-16
-118
-214
-303
-383
-453
-512
-565
-614
-665
-721
-778
-829
-866
-888
-899
-905
-908
-906
-901
-891
-881
-872
-863
-851
-832
-803
-763
-719
-682
-655
-638
-625
-610
-592
-572
-549
-523
-492
-457
-419
-382
-352
-332
-322
-314
-299
-275
-243
-211
-181
-154
-128
-103
-81
-63
-49
-36
-20
2
35
72
105
127
138
142
145
150
158
167
178
193
213
236
259
276
284
281
273
269
274
288
305
321
334
346
358
368
374
377
378
380
389
407
432
456
472
475
470
462
456
453
451
451
455
464
477
491
502
504
496
480
466
461
466
476
486
494
501
508
514
518
518
515
513
515
527
548
571
587
592
587
578
569
563
560
558
559
565
575
587
598
602
596
581
565
556
557
566
577
586
593
601
608
614
616
614
613
614
623
642
665
684
692
689
679
667
658
651
645
641
641
645
653
661
664
659
643
622
607
602
606
614
621
626
631
637
642
644
643
640
640
645
661
684
705
717
718
709
697
687
679
672
666
664
666
672
678
682
678
663
642
623
614
614
621
628
634
639
645
650
653
653
650
647
649
661
681
702
717
719
711
698
685
674
664
656
650
649
652
658
662
660
648
627
606
593
590
596
603
609
614
620
625
630
630
628
625
626
634
652
675
694
702
698
687
675
665
657
651
646
645
649
657
664
666
659
642
621
606
601
606
615
623
630
637
645
652
657
658
659
662
671
690
716
741
757
760
754
745
737
731
726
722
721
725
733
741
747
745
732
714
697
690
694
704
715
725
734
744
755
763
768
771
775
783
801
827
855
875
883
880
872
864
858
853
850
848
852
859
869
878
880
872
855
838
828
829
839
851
862
873
883
895
905
911
915
918
925
939
963
992
1016
1028
1029
1022
1014
1008
1004
1001
999
1001
1008
1017
1026
1030
1025
1009
990
976
972
978
987
996
1004
1012
1020
1027
1032
1033
1032
1033
1041
1057
1081
1102
1113
1112
1100
1086
1072
1059
1047
1035
1027
1022
1021
1020
1015
1002
979
949
921
902
894
891
890
886
883
881
878
874
866
857
848
845
850
864
880
887
883
868
847
827
808
791
775
761
751
745
741
735
723
702
671
641
619
608
607
607
607
607
607
608
608
605
599
593
591
597
612
632
648
652
644
629
613
599
587
575
565
559
557
558
558
554
541
518
491
470
460
459
463
466
468
471
474
476
476
473
468
466
470
483
504
522
531
527
514
498
483
470
457
446
438
435
435
436
433
423
403
376
351
337
333
336
339
341
343
346
349
350
349
345
341
343
354
374
396
411
413
405
391
378
367
357
349
342
340
342
347
349
345
332
310
288
273
270
275
282
287
292
298
304
310
312
311
310
314
325
346
371
392
401
398
388
376
367
359
351
345
342
344
348
352
351
340
320
295
277
269
270
276
282
286
291
297
302
305
305
303
304
311
328
352
375
388
388
380
369
359
351
344
339
337
339
345
352
355
350
335
314
295
286
287
294
302
309
316
323
330
336
338
338
339
346
361
385
411
429
435
430
421
411
404
397
392
388
389
394
400
405
402
390
369
348
334
331
336
343
349
354
360
366
371
372
371
369
372
381
401
425
444
451
447
435
422
411
401
393
386
382
383
386
388
385
373
351
324
303
293
292
294
296
297
298
299
301
299
295
290
287
291
305
326
345
355
352
340
325
311
299
288
278
272
269
270
271
269
258
237
209
184
169
164
165
167
167
168
170
172
172
170
166
163
165
176
197
219
233
235
226
213
200
190
180
171
165
162
164
168
170
165
150
127
103
87
82
86
91
95
99
103
108
112
113
112
110
112
122
142
166
185
193
189
178
167
157
149
142
137
136
139
145
150
150
142
123
101
85
79
83
91
98
104
111
118
125
129
130
131
133
143
162
188
213
227
230
223
214
206
200
194
189
187
190
195
201
202
196
178
155
133
122
121
126
132
136
140
145
150
152
152
149
148
151
164
185
207
222
224
215
201
187
175
164
153
145
141
141
143
143
136
120
94
69
51
45
47
51
54
57
62
67
72
74
74
75
80
94
118
147
171
183
184
178
172
167
164
161
160
162
168
177
185
187
179
162
141
126
121
126
134
142
149
157
165
173
178
180
181
184
194
214
241
266
281
283
277
268
260
254
248
243
242
244
250
256
258
251
233
209
186
174
171
174
177
179
180
181
183
182
178
173
168
169
179
198
218
231
231
221
206
191
179
167
156
147
142
141
142
140
131
112
85
57
38
30
29
30
30
30
30
31
32
29
24
19
19
27
45
67
84
90
85
73
60
49
40
31
24
21
22
26
28
25
13
-9
-35
-55
-63
-63
-58
-54
-51
-47
-42
-38
-36
-37
-39
-38
-30
-12
13
37
50
51
43
33
24
17
11
5
3
4
9
15
16
9
-9
-33
-54
-66
-67
-62
-57
-53
-49
-44
-38
-35
-34
-35
-35
-29
-14
10
35
52
57
51
41
30
22
14
7
2
1
3
6
7
1
-16
-42
-66
-80
-81
-70
-53
-32
-5
31
76
128
185
248
318
397
489
594
706
815
914
1002
1084
1163
1242
1320
1395
1467
1538
1608
1673
1730
1773
1798
1803
1794
1781
1767
1752
1728
1694
1648
1594
1533
1466
1389
1305
1215
1125
1039
960
887
810
722
620
509
395
283
172
62
-45
-147
-243
-332
-416
-499
-585
-676
-767
-848
-912
-960
-996
-1026
-1051
-1072
-1086
-1095
-1101
-1105
-1106
-1101
-1087
-1060
-1021
-979
-942
-916
-900
-887
-873
-856
-838
-819
-797
-771
-742
-710
-681
-659
-647
-644
-641
-630
-608
-579
-549
-521
-493
-466
-439
-414
-393
-376
-359
-339
-312
-275
-235
-201
-180
-170
-167
-166
-162
-157
-151
-144
-134
-119
-102
-86
-76
-76
-86
-101
-110
-109
-100
-87
-76
-67
-58
-49
-42
-37
-36
-37
-34
-26
-7
18
40
53
53
45
34
25
18
12
8
6
10
17
24
28
23
7
-15
-34
-43
-43
-36
-30
-26
-21
-15
-10
-7
-7
-10
-11
-6
7
29
52
67
70
62
50
38
29
21
15
10
11
15
21
25
23
10
-11
-32
-44
-46
-40
-32
-25
-19
-13
-6
0
2
1
1
4
15
35
60
79
86
81
69
57
47
39
31
25
23
26
31
35
34
23
3
-21
-38
-45
-42
-35
-30
-26
-21
-16
-11
-9
-11
-13
-13
-7
10
33
53
63
61
50
36
23
13
3
-5
-10
-11
-8
-5
-6
-15
-36
-61
-84
-97
-100
-97
-93
-91
-88
-84
-81
-79
-81
-84
-86
-82
-69
-47
-25
-10
-8
-17
-29
-42
-52
-62
-71
-77
-79
-77
-73
-72
-77
-92
-116
-139
-154
-157
-154
-148
-144
-140
-135
-130
-126
-125
-127
-129
-126
-115
-94
-70
-51
-43
-48
-59
-70
-80
-88
-96
-102
-104
-101
-96
-92
-94
-105
-126
-150
-168
-176
-174
-169
-165
-161
-157
-152
-148
-146
-147
-149
-148
-141
-123
-99
-77
-65
-66
-75
-86
-97
-105
-113
-119
-122
-121
-116
-111
-110
-117
-135
-158
-178
-187
-186
-180
-173
-167
-160
-153
-146
-140
-137
-136
-134
-125
-108
-81
-54
-34
-27
-30
-37
-44
-48
-51
-53
-53
-48
-38
-27
-19
-17
-25
-41
-57
-64
-60
-48
-34
-21
-9
4
18
30
40
47
54
66
86
115
148
175
190
193
190
186
183
182
181
181
185
193
203
212
216
209
193
174
161
159
166
176
185
193
202
210
218
223
224
224
227
236
256
281
303
315
314
304
291
278
267
257
246
239
235
234
234
228
215
190
159
131
113
105
103
101
97
93
90
88
83
75
66
58
56
63
79
95
103
98
82
62
42
23
6
-11
-26
-36
-43
-49
-57
-72
-98
-131
-164
-187
-200
-204
-206
-209
-212
-214
-215
-217
-221
-228
-234
-236
-229
-211
-190
-174
-171
-178
-192
-207
-220
-231
-242
-250
-255
-256
-254
-253
-258
-272
-296
-322
-342
-351
-350
-345
-341
-338
-333
-328
-323
-320
-320
-321
-320
-311
-292
-266
-243
-230
-230
-238
-249
-258
-266
-274
-280
-283
-282
-278
-275
-276
-285
-305
-331
-354
-366
-369
-366
-363
-361
-358
-354
-349
-347
-347
-348
-348
-341
-325
-300
-274
-257
-252
-257
-267
-277
-285
-292
-298
-303
-304
-301
-298
-297
-304
-321
-346
-371
-387
-392
-390
-385
-382
-379
-375
-370
-366
-365
-366
-366
-362
-349
-327
-301
-281
-272
-275
-285
-295
-304
-312
-319
-325
-327
-325
-321
-319
-322
-335
-358
-383
-403
-411
-410
-406
-402
-399
-395
-391
-386
-384
-385
-387
-385
-376
-357
-331
-308
-295
-294
-301
-311
-320
-327
-333
-339
-341
-340
-336
-332
-332
-341
-361
-386
-409
-421
-423
-420
-417
-414
-412
-407
-403
-400
-400
-401
-401
-394
-378
-353
-327
-310
-305
-311
-321
-330
-338
-345
-351
-355
-356
-353
-348
-347
-353
-369
-394
-418
-433
-438
-435
-430
-426
-423
-418
-413
-410
-409
-410
-411
-406
-394
-372
-346
-325
-316
-319
-328
-337
-345
-351
-357
-360
-360
-356
-350
-345
-346
-356
-377
-400
-417
-422
-418
-411
-404
-398
-391
-383
-376
-371
-369
-367
-362
-350
-328
-299
-273
-258
-255
-261
-269
-275
-280
-285
-289
-290
-286
-280
-274
-272
-279
-297
-320
-340
-349
-348
-342
-335
-330
-324
-317
-310
-306
-304
-303
-301
-293
-276
-250
-223
-206
-201
-206
-216
-225
-233
-239
-245
-249
-249
-246
-242
-241
-247
-263
-288
-312
-328
-332
-329
-324
-321
-317
-312
-307
-303
-301
-302
-302
-298
-285
-263
-237
-217
-209
-213
-224
-235
-244
-253
-261
-268
-270
-269
-266
-264
-268
-282
-307
-333
-353
-363
-363
-360
-358
-357
-355
-352
-349
-349
-352
-356
-356
-349
-332
-309
-288
-278
-280
-291
-304
-316
-326
-335
-344
-349
-350
-348
-347
-350
-361
-383
-410
-434
-447
-450
-447
-444
-442
-440
-436
-432
-430
-431
-434
-434
-429
-414
-391
-368
-353
-351
-359
-372
-384
-394
-404
-414
-421
-425
-425
-424
-426
-435
-455
-481
-507
-524
-529
-527
-522
-519
-515
-510
-503
-497
-494
-492
-489
-481
-464
-437
-405
-379
-365
-362
-365
-369
-370
-371
-371
-369
-364
-355
-344
-334
-331
-337
-354
-373
-386
-389
-382
-373
-364
-356
-348
-339
-330
-324
-321
-319
-313
-306
-316
-360
-453
-568
-666
-716
-690
-564
-320
56
576
1248
2066
2973
3902
4813
5690
6519
7298
8026
8706
9336
9913
10433
10898
11312
11684
12033
12377
12730
13105
13509
13949
14428
14941
15475
16016
16554
17086
17611
18128
18632
19118
19580
20015
20423
20800
21140
21439
21690
21890
22041
22153
22234
22286
22308
22294
22243
22158
22041
21895
21718
21510
21274
21014
20736
20444
20142
19825
19484
19116
18721
18307
17880
17444
17000
16548
16091
15632
15173
14714
14251
13783
13306
12822
12338
11864
11405
10959
10523
10092
9667
9250
8841
8438
8040
7646
7258
6881
6517
6171
5837
5507
5173
4833
4492
4154
3822
3498
3179
2868
2566
2275
1994
1721
1451
1181
909
640
384
148
-70
-274
-469
-657
-836
-1005
-1166
-1321
-1471
-1616
-1751
-1873
-1981
-2074
-2162
-2253
-2353
-2459
-2565
-2667
-2764
-2858
-2948
-3033
-3111
-3183
-3252
-3322
-3396
-3480
-3569
-3656
-3733
-3796
-3852
-3904
-3956
-4006
-4055
-4100
-4146
-4193
-4241
-4287
-4326
-4356
-4375
-4389
-4408
-4437
-4474
-4516
-4554
-4587
-4615
-4638
-4654
-4662
-4661
-4653
-4640
-4629
-4623
-4622
-4620
-4608
-4582
-4545
-4503
-4459
-4415
-4369
-4322
-4275
-4231
-4189
-4147
-4102
-4049
-3985
-3914
-3847
-3791
-3747
-3711
-3677
-3642
-3605
-3568
-3531
-3490
-3445
-3397
-3350
-3307
-3274
-3251
-3234
-3214
-3185
-3146
-3103
-3061
-3021
-2982
-2944
-2907
-2873
-2843
-2816
-2788
-2755
-2713
-2664
-2615
-2576
-2550
-2535
-2524
-2513
-2501
-2488
-2474
-2458
-2439
-2415
-2390
-2369
-2354
-2350
-2353
-2356
-2350
-2334
-2310
-2287
-2265
-2243
-2222
-2202
-2183
-2168
-2157
-2145
-2130
-2107
-2074
-2039
-2011
-1994
-1990
-1991
-1993
-1994
-1993
-1992
-1989
-1982
-1971
-1957
-1945
-1938
-1941
-1952
-1966
-1973
-1970
-1958
-1943
-1929
-1917
-1905
-1892
-1881
-1873
-1868
-1864
-1857
-1844
-1821
-1792
-1767
-1753
-1751
-1757
-1765
-1772
-1777
-1781
-1783
-1782
-1776
-1767
-1758
-1753
-1757
-1771
-1790
-1805
-1810
-1804
-1794
-1784
-1775
-1767
-1758
-1749
-1743
-1740
-1739
-1737
-1729
-1711
-1685
-1659
-1642
-1638
-1644
-1654
-1663
-1670
-1676
-1681
-1684
-1682
-1676
-1669
-1664
-1666
-1679
-1699
-1717
-1727
-1725
-1717
-1708
-1700
-1692
-1684
-1676
-1670
-1667
-1667
-1667
-1662
-1649
-1626
-1601
-1582
-1575
-1578
-1588
-1597
-1605
-1611
-1616
-1619
-1617
-1611
-1603
-1595
-1593
-1601
-1617
-1636
-1647
-1647
-1639
-1628
-1618
-1609
-1600
-1590
-1582
-1576
-1573
-1572
-1567
-1554
-1532
-1504
-1479
-1465
-1463
-1469
-1476
-1482
-1486
-1489
-1490
-1487
-1480
-1469
-1458
-1452
-1453
-1465
-1481
-1493
-1494
-1486
-1473
-1459
-1447
-1435
-1422
-1409
-1399
-1391
-1386
-1378
-1364
-1341
-1309
-1278
-1255
-1245
-1244
-1248
-1250
-1250
-1250
-1248
-1244
-1235
-1221
-1207
-1195
-1190
-1196
-1209
-1221
-1224
-1216
-1202
-1186
-1172
-1158
-1143
-1127
-1114
-1103
-1095
-1087
-1073
-1052
-1021
-987
-960
-944
-941
-943
-946
-947
-946
-945
-941
-933
-921
-906
-893
-885
-887
-898
-911
-917
-912
-898
-881
-865
-851
-836
-820
-805
-793
-785
-777
-766
-747
-719
-685
-655
-635
-628
-629
-631
-632
-631
-629
-625
-618
-607
-592
-578
-568
-566
-575
-589
-599
-598
-588
-573
-559
-545
-532
-519
-505
-494
-487
-482
-475
-462
-440
-410
-381
-361
-355
-358
-366
-373
-379
-384
-388
-390
-389
-384
-378
-376
-380
-396
-419
-442
-456
-459
-456
-451
-449
-447
-445
-444
-444
-448
-454
-461
-464
-458
-444
-427
-417
-420
-435
-456
-478
-499
-520
-539
-556
-570
-580
-588
-597
-613
-638
-672
-709
-738
-757
-767
-774
-783
-793
-802
-811
-821
-834
-850
-867
-880
-887
-883
-874
-869
-876
-894
-921
-950
-976
-1002
-1026
-1049
-1069
-1084
-1095
-1107
-1123
-1147
-1181
-1219
-1253
-1276
-1288
-1295
-1303
-1310
-1318
-1324
-1330
-1337
-1348
-1359
-1368
-1371
-1365
-1350
-1336
-1330
-1338
-1355
-1376
-1395
-1413
-1429
-1445
-1457
-1465
-1468
-1471
-1476
-1488
-1509
-1537
-1564
-1581
-1587
-1586
-1583
-1581
-1580
-1577
-1574
-1573
-1575
-1579
-1582
-1581
-1571
-1551
-1530
-1514
-1511
-1520
-1534
-1548
-1560
-1570
-1579
-1586
-1589
-1588
-1584
-1581
-1585
-1597
-1619
-1642
-1658
-1663
-1658
-1652
-1646
-1641
-1635
-1629
-1624
-1621
-1622
-1624
-1622
-1613
-1593
-1569
-1548
-1538
-1541
-1551
-1563
-1573
-1582
-1589
-1596
-1599
-1598
-1593
-1589
-1590
-1598
-1618
-1642
-1661
-1670
-1668
-1662
-1656
-1651
-1646
-1639
-1633
-1630
-1629
-1630
-1629
-1622
-1605
-1580
-1556
-1541
-1539
-1547
-1558
-1569
-1578
-1587
-1594
-1599
-1600
-1597
-1594
-1593
-1599
-1616
-1640
-1661
-1674
-1676
-1670
-1664
-1659
-1654
-1648
-1642
-1638
-1637
-1638
-1639
-1635
-1622
-1601
-1577
-1559
-1554
-1561
-1573
-1585
-1596
-1605
-1613
-1620
-1622
-1621
-1617
-1615
-1619
-1632
-1654
-1678
-1695
-1700
-1697
-1690
-1685
-1681
-1677
-1671
-1668
-1667
-1669
-1672
-1672
-1664
-1646
-1623
-1605
-1597
-1601
-1614
-1628
-1641
-1652
-1663
-1672
-1678
-1679
-1677
-1676
-1679
-1690
-1712
-1738
-1759
-1770
-1770
-1766
-1761
-1758
-1755
-1751
-1747
-1745
-1747
-1750
-1750
-1745
-1730
-1707
-1684
-1671
-1670
-1679
-1692
-1703
-1713
-1722
-1729
-1734
-1735
-1732
-1727
-1726
-1732
-1749
-1772
-1793
-1805
-1806
-1800
