0
-7
-31
-92
-211
-401
-667
-1007
-1420
-1904
-2459
-3079
-3755
-4475
-5228
-6004
-6793
-7586
-8375
-9140
-9858
-10509
-11081
-11569
-11977
-12306
-12556
-12728
-12830
-12871
-12861
-12812
-12732
-12629
-12510
-12385
-12273
-12194
-12168
-12204
-12300
-12455
-12668
-12940
-13268
-13646
-14064
-14512
-14980
-15461
-15947
-16430
-16896
-17324
-17691
-17984
-18198
-18333
-18393
-18380
-18294
-18141
-17931
-17676
-17387
-17073
-16745
-16409
-16077
-15763
-15490
-15279
-15143
-15083
-15099
-15189
-15352
-15587
-15887
-16243
-16643
-17076
-17532
-18003
-18480
-18953
-19400
-19799
-20132
-20391
-20573
-20683
-20720
-20684
-20579
-20412
-20192
-19930
-19635
-19316
-18978
-18633
-18290
-17972
-17701
-17492
-17352
-17281
-17278
-17343
-17475
-17672
-17924
-18221
-18551
-18908
-19281
-19664
-20047
-20413
-20739
-21005
-21199
-21317
-21362
-21335
-21238
-21070
-20840
-20555
-20228
-19867
-19483
-19081
-18672
-18264
-17876
-17531
-17248
-17035
-16894
-16823
-16822
-16893
-17032
-17232
-17484
-17776
-18098
-18442
-18799
-19162
-19516
-19839
-20110
-20312
-20440
-20495
-20478
-20391
-20234
-20013
-19735
-19411
-19052
-18666
-18262
-17848
-17432
-17030
-16663
-16353
-16111
-15943
-15845
-15816
-15859
-15972
-16150
-16382
-16659
-16969
-17305
-17657
-18018
-18376
-18711
-19001
-19226
-19379
-19458
-19466
-19404
-19272
-19073
-18814
-18506
-18160
-17784
-17387
-16976
-16561
-16153
-15773
-15443
-15179
-14986
-14865
-14814
-14833
-14923
-15079
-15294
-15557
-15856
-16183
-16529
-16886
-17245
-17589
-17895
-18143
-18321
-18424
-18457
-18419
-18311
-18135
-17897
-17605
-17272
-16907
-16519
-16115
-15703
-15293
-14904
-14556
-14270
-14054
-13910
-13835
-13830
-13896
-14030
-14226
-14473
-14760
-15077
-15417
-15770
-16130
-16481
-16802
-17071
-17273
-17401
-17458
-17444
-17361
-17209
-16993
-16720
-16403
-16050
-15671
-15274
-14866
-14456
-14058
-13696
-13389
-13150
-12982
-12885
-12857
-12898
-13009
-13184
-13414
-13687
-13994
-14326
-14674
-15031
-15386
-15719
-16007
-16232
-16386
-16466
-16475
-16416
-16287
-16093
-15839
-15536
-15194
-14824
-14432
-14027
-13616
-13212
-12835
-12507
-12244
-12052
-11931
-11878
-11896
-11983
-12137
-12348
-12607
-12902
-13225
-13568
-13922
-14279
-14621
-14926
-15173
-15350
-15454
-15488
-15452
-15347
-15174
-14940
-14653
-14324
-13962
-13577
-13176
-12766
-12357
-11968
-11620
-11333
-11115
-10968
-10891
-10882
-10943
-11072
-11262
-11503
-11783
-12094
-12428
-12775
-13129
-13475
-13792
-14058
-14257
-14384
-14439
-14424
-14341
-14190
-13975
-13704
-13388
-13036
-12659
-12262
-11855
-11445
-11047
-10684
-10374
-10132
-9961
-9859
-9825
-9861
-9965
-10133
-10355
-10621
-10920
-11244
-11585
-11934
-12283
-12609
-12892
-13113
-13262
-13340
-13347
-13286
-13157
-12961
-12707
-12405
-12064
-11694
-11302
-10897
-10486
-10082
-9703
-9373
-9107
-8912
-8786
-8728
-8740
-8821
-8967
-9171
-9422
-9710
-10025
-10360
-10707
-11057
-11394
-11694
-11937
-12112
-12214
-12247
-12211
-12107
-11936
-11704
-11421
-11096
-10739
-10359
-9962
-9558
-9154
-8769
-8424
-8139
-7923
-7776
-7698
-7688
-7747
-7873
-8060
-8297
-8575
-8882
-9212
-9556
-9907
-10252
-10568
-10835
-11036
-11165
-11224
-11214
-11137
-10993
-10786
-10523
-10216
-9874
-9507
-9121
-8723
-8323
-7934
-7579
-7278
-7043
-6878
-6782
-6753
-6793
-6902
-7073
-7298
-7567
-7869
-8196
-8541
-8895
-9249
-9581
-9871
-10099
-10257
-10344
-10363
-10313
-10197
-10015
-9775
-9487
-9161
-8806
-8429
-8039
-7643
-7252
-6887
-6570
-6316
-6131
-6015
-5966
-5986
-6073
-6226
-6436
-6692
-6985
-7306
-7646
-8000
-8356
-8700
-9008
-9261
-9446
-9560
-9605
-9583
-9494
-9338
-9122
-8855
-8547
-8207
-7844
-7464
-7076
-6689
-6320
-5991
-5721
-5520
-5387
-5322
-5325
-5396
-5534
-5732
-5980
-6268
-6587
-6928
-7284
-7647
-8004
-8333
-8614
-8830
-8976
-9052
-9061
-9002
-8878
-8690
-8448
-8162
-7842
-7496
-7131
-6755
-6376
-6008
-5672
-5389
-5171
-5023
-4942
-4929
-4983
-5104
-5288
-5526
-5807
-6121
-6461
-6817
-7184
-7550
-7896
-8200
-8444
-8618
-8722
-8758
-8726
-8628
-8465
-8245
-7977
-7671
-7337
-6981
-6612
-6236
-5865
-5518
-5217
-4979
-4809
-4707
-4672
-4703
-4802
-4965
-5185
-5451
-5752
-6081
-6430
-6792
-7157
-7509
-7827
-8090
-8285
-8410
-8466
-8456
-8379
-8236
-8033
-7779
-7484
-7157
-6807
-6440
-6064
-5688
-5329
-5009
-4746
-4551
-4424
-4363
-4368
-4441
-4579
-4777
-5024
-5311
-5628
-5967
-6321
-6682
-7038
-7366
-7646
-7862
-8008
-8085
-8095
-8039
-7917
-7733
-7494
-7211
-6894
-6551
-6189
-5814
-5436
-5069
-4733
-4449
-4229
-4078
-3993
-3973
-4021
-4136
-4312
-4541
-4812
-5117
-5446
-5793
-6150
-6506
-6843
-7139
-7375
-7543
-7641
-7672
-7638
-7537
-7372
-7150
-6881
-6574
-6239
-5883
-5513
-5136
-4763
-4415
-4111
-3869
-3695
-3588
-3546
-3571
-3663
-3818
-4029
-4286
-4579
-4899
-5240
-5593
-5950
-6295
-6607
-6864
-7055
-7176
-7230
-7218
-7140
-6997
-6795
-6542
-6249
-5925
-5578
-5214
-4840
-4466
-4108
-3789
-3526
-3330
-3201
-3137
-3139
-3207
-3340
-3532
-3774
-4055
-4365
-4698
-5047
-5403
-5755
-6080
-6358
-6572
-6718
-6795
-6806
-6751
-6631
-6449
-6214
-5934
-5620
-5280
-4922
-4551
-4177
-3812
-3478
-3196
-2978
-2827
-2742
-2721
-2767
-2879
-3052
-3278
-3546
-3847
-4172
-4516
-4869
-5223
-5559
-5854
-6090
-6258
-6358
-6390
-6358
-6260
-6099
-5882
-5617
-5316
-4986
-4634
-4268
-3895
-3525
-3179
-2877
-2636
-2462
-2354
-2311
-2333
-2422
-2574
-2781
-3034
-3322
-3638
-3974
-4323
-4676
-5018
-5328
-5584
-5774
-5896
-5951
-5941
-5865
-5726
-5527
-5278
-4989
-4668
-4324
-3963
-3592
-3221
-2864
-2546
-2283
-2086
-1955
-1888
-1887
-1952
-2081
-2268
-2505
-2780
-3086
-3413
-3757
-4108
-4454
-4775
-5050
-5262
-5406
-5483
-5494
-5441
-5323
-5144
-4911
-4636
-4326
-3991
-3637
-3270
-2899
-2537
-2205
-1923
-1705
-1553
-1466
-1443
-1486
-1594
-1763
-1984
-2247
-2544
-2865
-3204
-3554
-3906
-4239
-4534
-4770
-4940
-5042
-5079
-5051
-4959
-4804
-4593
-4336
-4042
-3720
-3376
-3017
-2651
-2289
-1948
-1651
-1413
-1242
-1135
-1093
-1115
-1203
-1353
-1559
-1809
-2095
-2408
-2742
-3088
-3440
-3781
-4090
-4346
-4538
-4661
-4719
-4712
-4641
-4508
-4316
-4074
-3792
-3480
-3144
-2791
-2428
-2064
-1715
-1402
-1144
-951
-822
-758
-756
-820
-947
-1131
-1364
-1634
-1934
-2257
-2595
-2940
-3281
-3598
-3867
-4075
-4215
-4288
-4296
-4240
-4120
-3939
-3705
-3429
-3118
-2782
-2427
-2059
-1687
-1323
-989
-705
-483
-328
-238
-211
-249
-352
-515
-731
-988
-1277
-1592
-1925
-2269
-2615
-2944
-3234
-3468
-3635
-3737
-3774
-3748
-3660
-3510
-3306
-3056
-2770
-2456
-2122
-1774
-1418
-1065
-735
-448
-221
-59
38
71
40
-56
-214
-427
-685
-979
-1301
-1643
-1999
-2361
-2713
-3033
-3303
-3508
-3646
-3718
-3727
-3673
-3556
-3381
-3156
-2892
-2596
-2277
-1940
-1593
-1244
-909
-610
-366
-185
-69
-16
-27
-101
-238
-433
-675
-956
-1266
-1599
-1947
-2304
-2658
-2988
-3272
-3496
-3653
-3743
-3770
-3734
-3635
-3475
-3263
-3009
-2721
-2407
-2074
-1729
-1377
-1034
-718
-451
-245
-104
-26
-10
-59
-170
-342
-564
-828
-1123
-1444
-1782
-2132
-2484
-2818
-3115
-3356
-3531
-3639
-3684
-3665
-3584
-3441
-3243
-2999
-2719
-2411
-2081
-1737
-1384
-1033
-703
-415
-185
-19
83
123
100
13
-135
-337
-584
-865
-1174
-1503
-1847
-2196
-2536
-2845
-3104
-3300
-3429
-3495
-3497
-3437
-3314
-3135
-2906
-2637
-2338
-2016
-1677
-1328
-976
-639
-336
-87
98
219
278
274
205
74
-114
-350
-624
-926
-1248
-1583
-1922
-2252
-2553
-2803
-2986
-3094
-3131
-3097
-2996
-2829
-2599
-2314
-1984
-1619
-1228
-816
-391
39
460
852
1193
1470
1679
1822
1897
1902
1838
1706
1515
1273
990
673
329
-37
-414
-782
-1119
-1405
-1631
-1795
-1898
-1942
-1924
-1848
-1717
-1541
-1329
-1089
-828
-553
-268
14
276
496
660
760
799
777
695
552
352
100
-192
-516
-864
-1229
-1605
-1984
-2352
-2687
-2970
-3187
-3336
-3418
-3436
-3390
-3280
-3112
-2895
-2637
-2348
-2034
-1703
-1359
-1012
-678
-377
-129
58
183
246
249
190
69
-107
-330
-591
-880
-1191
-1519
-1855
-2188
-2499
-2767
-2975
-3119
-3198
-3216
-3172
-3067
-2903
-2687
-2431
-2141
-1826
-1493
-1146
-793
-446
-127
146
360
510
598
625
590
493
337
131
-116
-395
-699
-1022
-1356
-1694
-2016
-2303
-2535
-2704
-2809
-2852
-2834
-2755
-2616
-2423
-2185
-1911
-1610
-1287
-948
-601
-255
72
358
587
754
858
901
883
802
661
467
230
-43
-342
-662
-996
-1336
-1669
-1973
-2228
-2423
-2552
-2619
-2625
-2570
-2455
-2284
-2065
-1807
-1519
-1207
-878
-538
-194
137
435
681
866
988
1049
1050
989
867
689
465
203
-89
-403
-733
-1074
-1413
-1730
-2005
-2223
-2376
-2466
-2495
-2465
-2373
-2224
-2024
-1782
-1507
-1207
-887
-554
-214
120
428
689
892
1033
1113
1133
1092
989
829
619
369
87
-220
-545
-882
-1223
-1550
-1841
-2078
-2253
-2365
-2415
-2406
-2336
-2207
-2024
-1797
-1534
-1243
-931
-603
-266
71
389
668
892
1054
1156
1197
1179
1099
961
770
535
267
-29
-345
-675
-1012
-1342
-1644
-1898
-2092
-2222
-2290
-2299
-2247
-2136
-1969
-1755
-1502
-1220
-914
-591
-256
83
411
707
951
1136
1258
1322
1325
1268
1151
979
761
505
221
-86
-410
-743
-1076
-1388
-1659
-1872
-2023
-2111
-2140
-2109
-2019
-1871
-1674
-1435
-1164
-867
-551
-221
116
448
755
1017
1221
1364
1447
1471
1435
1339
1186
983
741
468
170
-147
-476
-809
-1129
-1414
-1647
-1818
-1926
-1974
-1964
-1893
-1765
-1584
-1359
-1099
-811
-502
-177
157
492
809
1087
1311
1475
1579
1624
1610
1536
1403
1219
992
731
444
136
-186
-516
-840
-1136
-1385
-1575
-1703
-1770
-1778
-1727
-1618
-1454
-1244
-997
-719
-419
-100
229
564
887
1180
1423
1607
1731
1796
1803
1751
1639
1474
1262
1014
737
438
122
-204
-530
-836
-1102
-1311
-1459
-1546
-1574
-1544
-1455
-1310
-1116
-881
-614
-322
-11
314
646
974
1277
1536
1739
1881
1965
1990
1957
1864
1715
1517
1280
1012
720
409
85
-243
-559
-841
-1073
-1244
-1353
-1404
-1397
-1332
-1210
-1036
-819
-567
-287
13
329
655
982
1292
1564
1783
1943
2043
2086
2070
1996
1864
1681
1455
1196
911
606
286
-42
-365
-661
-912
-1105
-1236
-1308
-1322
-1280
-1180
-1026
-827
-591
-325
-38
268
585
907
1219
1501
1733
1908
2024
2082
2083
2025
1910
1741
1527
1277
998
697
378
49
-281
-593
-865
-1083
-1240
-1338
-1378
-1362
-1288
-1160
-983
-768
-521
-249
41
345
657
965
1249
1491
1677
1804
1873
1887
1843
1740
1583
1378
1134
859
560
242
-88
-424
-749
-1041
-1283
-1467
-1590
-1656
-1666
-1618
-1515
-1361
-1165
-935
-678
-401
-107
197
503
793
1047
1249
1393
1479
1509
1483
1398
1258
1068
837
573
283
-26
-351
-683
-1011
-1313
-1570
-1769
-1909
-1990
-2015
-1983
-1894
-1753
-1566
-1342
-1089
-814
-521
-215
97
400
674
901
1071
1184
1240
1242
1185
1073
908
699
456
184
-110
-420
-741
-1064
-1368
-1633
-1845
-1998
-2092
-2129
-2111
-2037
-1909
-1734
-1519
-1274
-1004
-715
-411
-99
210
497
742
934
1067
1145
1167
1134
1044
900
710
482
224
-57
-358
-671
-990
-1298
-1574
-1802
-1971
-2081
-2135
-2134
-2078
-1966
-1805
-1602
-1366
-1103
-819
-519
-209
104
401
663
873
1026
1124
1166
1153
1083
959
786
572
325
53
-239
-546
-863
-1175
-1463
-1707
-1896
-2026
-2099
-2118
-2081
-1990
-1847
-1660
-1437
-1186
-913
-621
-318
-8
294
567
795
968
1084
1146
1153
1105
1002
848
650
418
159
-122
-420
-730
-1041
-1334
-1591
-1795
-1941
-2031
-2065
-2045
-1971
-1844
-1671
-1459
-1218
-952
-667
-369
-61
245
530
774
965
1099
1180
1207
1179
1095
959
777
558
310
39
-250
-553
-862
-1161
-1430
-1651
-1816
-1923
-1975
-1974
-1918
-1809
-1652
-1454
-1224
-968
-692
-400
-97
209
500
758
967
1120
1218
1264
1256
1192
1075
910
705
469
208
-73
-370
-676
-979
-1259
-1496
-1680
-1806
-1877
-1895
-1859
-1771
-1632
-1450
-1234
-990
-724
-441
-145
158
453
722
945
1115
1230
1293
1303
1260
1162
1014
825
602
352
80
-208
-508
-810
-1096
-1346
-1546
-1689
-1776
-1810
-1792
-1720
-1598
-1430
-1226
-991
-733
-456
-164
137
437
716
956
1145
1279
1360
1389
1365
1287
1158
985
775
537
275
-5
-299
-600
-891
-1153
-1370
-1531
-1636
-1688
-1688
-1636
-1532
-1381
-1191
-968
-721
-454
-170
124
422
708
960
1164
1315
1412
1458
1453
1394
1283
1125
929
702
451
180
-106
-402
-696
-967
-1198
-1376
-1498
-1566
-1583
-1549
-1462
-1327
-1150
-939
-701
-442
-166
123
419
709
973
1194
1363
1478
1542
1556
1517
1425
1285
1104
891
651
390
113
-176
-469
-746
-988
-1180
-1318
-1401
-1433
-1414
-1343
-1222
-1058
-857
-628
-376
-105
182
478
774
1053
1294
1486
1625
1713
1752
1740
1676
1562
1406
1214
994
751
490
214
-69
-345
-593
-797
-948
-1046
-1093
-1090
-1036
-933
-785
-598
-381
-140
120
397
685
977
1256
1503
1703
1851
1946
1990
1984
1925
1815
1659
1465
1240
990
720
434
137
-159
-435
-672
-858
-990
-1072
-1104
-1087
-1020
-906
-752
-564
-352
-118
134
398
671
937
1180
1380
1530
1629
1679
1680
1631
1531
1385
1200
983
740
477
197
-95
-391
-672
-921
-1122
-1270
-1365
-1411
-1408
-1355
-1254
-1110
-932
-726
-497
-249
13
285
558
814
1034
1206
1327
1399
1424
1399
1323
1201
1037
839
614
368
104
-175
-461
-740
-993
-1202
-1360
-1466
-1522
-1530
-1489
-1401
-1267
-1097
-897
-673
-430
-170
102
379
645
882
1073
1215
1307
1352
1349
1296
1194
1050
869
660
427
175
-92
-370
-647
-905
-1126
-1297
-1416
-1486
-1508
-1482
-1409
-1290
-1131
-942
-728
-493
-240
25
299
569
815
1022
1179
1287
1349
1363
1329
1247
1119
954
757
536
295
36
-236
-513
-778
-1012
-1201
-1339
-1427
-1468
-1464
-1411
-1311
-1169
-990
-782
-546
-288
-7
291
597
895
1165
1393
1577
1717
1814
1866
1872
1834
1756
1647
1511
1354
1177
983
778
577
395
250
149
91
72
91
149
243
371
526
700
889
1091
1302
1521
1741
1949
2126
2257
2339
2373
2362
2304
2198
2046
1851
1622
1364
1084
785
470
144
-182
-489
-759
-979
-1148
-1267
-1338
-1360
-1334
-1261
-1148
-1002
-830
-636
-422
-192
50
292
515
703
846
945
1001
1013
981
902
781
625
439
231
2
-242
-500
-763
-1014
-1236
-1413
-1541
-1621
-1655
-1645
-1589
-1489
-1350
-1179
-982
-765
-530
-279
-17
247
496
713
886
1011
1092
1129
1121
1068
970
834
667
475
262
32
-214
-468
-718
-946
-1134
-1275
-1367
-1415
-1420
-1382
-1299
-1177
-1021
-839
-634
-412
-174
77
334
584
807
989
1124
1215
1264
1268
1228
1143
1019
862
678
473
250
10
-241
-494
-731
-933
-1090
-1200
-1265
-1287
-1267
-1203
-1099
-959
-790
-599
-389
-162
78
329
577
805
998
1146
1250
1311
1331
1307
1239
1130
987
816
622
409
180
-63
-312
-552
-764
-934
-1058
-1136
-1171
-1166
-1118
-1029
-904
-749
-570
-371
-155
75
317
562
794
995
1153
1267
1339
1371
1360
1306
1211
1079
918
733
528
306
70
-177
-421
-643
-828
-968
-1063
-1116
-1128
-1099
-1029
-921
-782
-617
-432
-230
-12
219
458
690
898
1067
1192
1275
1319
1322
1282
1201
1083
933
759
564
351
123
-117
-359
-586
-782
-934
-1041
-1105
-1130
-1115
-1059
-965
-836
-681
-505
-310
-99
127
362
597
814
997
1138
1237
1296
1316
1295
1234
1133
1001
842
662
465
251
23
-212
-439
-640
-802
-919
-993
-1027
-1024
-980
-898
-781
-637
-470
-285
-82
135
364
598
820
1013
1167
1279
1352
1387
1382
1338
1254
1137
992
825
640
437
220
-8
-233
-440
-611
-739
-825
-872
-881
-852
-784
-682
-550
-394
-219
-27
180
401
630
853
1054
1219
1343
1427
1474
1485
1455
1388
1285
1154
1000
826
636
430
212
-10
-219
-398
-536
-633
-690
-710
-694
-640
-550
-430
-285
-120
62
260
471
694
917
1125
1300
1437
1534
1594
1618
1605
1554
1467
1349
1208
1046
867
672
463
246
35
-152
-302
-410
-479
-513
-510
-472
-398
-292
-160
-8
162
348
548
761
980
1188
1370
1514
1618
1687
1720
1717
1677
1600
1493
1359
1205
1034
845
642
427
213
17
-147
-272
-356
-405
-420
-400
-345
-257
-143
-7
146
315
499
696
902
1105
1287
1436
1546
1620
1660
1665
1635
1569
1471
1346
1200
1036
856
661
452
239
37
-137
-274
-371
-432
-459
-453
-413
-340
-239
-116
25
182
354
540
738
938
1124
1281
1402
1485
1536
1555
1539
1489
1405
1295
1162
1010
843
660
463
256
55
-124
-269
-376
-446
-484
-489
-461
-401
-312
-200
-69
78
239
415
604
800
988
1151
1280
1373
1432
1461
1457
1419
1347
1247
1124
981
822
646
456
254
51
-137
-294
-414
-498
-550
-570
-559
-517
-445
-349
-234
-102
44
204
378
562
743
906
1038
1133
1196
1227
1228
1196
1132
1038
920
782
628
458
273
74
-130
-324
-494
-628
-726
-790
-825
-829
-803
-747
-665
-564
-447
-315
-169
-9
163
338
502
638
741
810
850
860
840
788
706
599
472
329
170
-3
-191
-389
-583
-757
-899
-1005
-1078
-1120
-1135
-1119
-1074
-1002
-910
-800
-676
-537
-385
-218
-44
124
270
385
466
517
541
535
499
433
341
229
100
-44
-203
-377
-563
-751
-925
-1071
-1182
-1259
-1307
-1327
-1318
-1280
-1215
-1129
-1025
-906
-774
-627
-466
-294
-123
32
159
253
317
354
364
345
296
222
126
12
-116
-259
-417
-588
-766
-936
-1083
-1197
-1278
-1328
-1352
-1348
-1317
-1259
-1179
-1080
-967
-840
-700
-545
-378
-206
-44
93
199
275
323
346
341
308
248
166
65
-50
-180
-324
-483
-653
-820
-970
-1090
-1177
-1234
-1263
-1268
-1246
-1198
-1127
-1037
-933
-816
-685
-541
-382
-215
-52
91
205
289
346
379
386
366
319
248
159
55
-63
-195
-341
-502
-665
-817
-943
-1038
-1102
-1140
-1153
-1142
-1105
-1045
-965
-870
-763
-643
-509
-362
-202
-42
105
224
314
377
416
431
420
382
320
240
144
34
-90
-228
-381
-542
-697
-831
-935
-1008
-1055
-1079
-1079
-1055
-1007
-940
-857
-761
-654
-534
-400
-252
-99
45
168
262
328
371
392
388
359
307
235
148
48
-66
-193
-335
-489
-643
-782
-895
-978
-1034
-1067
-1078
-1066
-1031
-976
-905
-821
-725
-617
-496
-360
-214
-70
56
156
229
279
307
314
296
254
192
115
24
-80
-197
-328
-474
-624
-765
-883
-972
-1034
-1073
-1091
-1087
-1062
-1016
-953
-877
-791
-692
-580
-454
-315
-174
-43
64
145
202
239
257
252
224
175
110
32
-59
-162
-280
-412
-554
-691
-810
-902
-967
-1008
-1029
-1030
-1010
-969
-912
-841
-759
-667
-561
-442
-309
-168
-33
83
174
241
288
316
324
310
275
223
158
81
-8
-111
-228
-359
-490
-609
-704
-771
-816
-840
-846
-833
-799
-748
-683
-607
-520
-422
-309
-182
-43
96
221
322
399
456
496
518
519
501
465
415
355
283
199
101
-12
-131
-242
-332
-397
-437
-458
-462
-447
-414
-364
-300
-226
-143
-49
56
175
308
444
570
675
756
816
858
883
889
875
842
796
737
667
584
486
373
248
124
15
-70
-132
-174
-200
-211
-204
-181
-144
-97
-41
23
99
188
292
404
512
602
669
715
744
757
752
729
688
632
564
487
398
296
179
48
-85
-207
-308
-384
-440
-479
-503
-511
-502
-479
-444
-401
-349
-286
-210
-119
-15
89
182
253
303
336
356
360
346
316
271
214
148
72
-16
-119
-236
-361
-480
-581
-659
-715
-755
-780
-791
-786
-766
-735
-695
-646
-587
-516
-431
-330
-224
-125
-44
16
59
88
104
105
88
57
15
-37
-98
-170
-255
-356
-468
-580
-678
-755
-810
-848
-872
-883
-880
-862
-834
-796
-751
-697
-633
-554
-460
-355
-253
-165
-97
-47
-10
14
24
19
-1
-32
-73
-122
-181
-252
-339
-440
-545
-641
-718
-773
-811
-835
-847
-847
-833
-808
-774
-734
-686
-630
-561
-477
-380
-281
-193
-123
-71
-31
-1
19
28
26
16
1
-16
-36
-62
-97
-142
-193
-235
-259
-259
-239
-203
-155
-94
-21
64
157
256
358
468
585
715
855
998
1129
1239
1324
1388
1434
1463
1472
1461
1431
1385
1327
1257
1174
1073
954
820
683
557
448
358
280
212
152
103
63
32
5
-16
-31
-35
-24
4
46
89
123
142
149
149
144
130
108
76
37
-7
-56
-110
-175
-252
-343
-438
-524
-593
-642
-677
-701
-717
-723
-719
-707
-688
-664
-635
-596
-546
-479
-397
-310
-231
-168
-119
-81
-50
-28
-16
-15
-24
-39
-60
-89
-129
-182
-253
-333
-412
-477
-525
-557
-579
-594
-601
-599
-588
-572
-551
-525
-493
-449
-392
-318
-235
-156
-91
-41
-3
28
52
67
71
65
53
36
13
-20
-65
-126
-202
-280
-349
-402
-439
-466
-486
-499
-505
-503
-495
-483
-468
-446
-416
-372
-311
-238
-163
-98
-48
-10
21
46
65
74
75
69
59
43
21
-14
-63
-129
-202
-270
-324
-362
-388
-408
-423
-431
-433
-429
-421
-410
-395
-373
-338
-287
-220
-148
-82
-29
11
43
71
94
108
115
115
111
103
89
65
27
-27
-93
-158
-212
-251
-277
-296
-311
-321
-325
-324
-319
-312
-303
-287
-261
-221
-164
-97
-32
22
63
95
123
148
167
179
184
185
183
176
161
134
91
33
-29
-83
-123
-149
-168
-183
-195
-203
-205
-204
-202
-198
-190
-174
-144
-98
-39
23
77
119
151
179
204
226
242
251
257
261
261
256
240
209
162
107
55
15
-12
-29
-43
-55
-63
-68
-69
-70
-70
-68
-60
-40
-5
46
105
158
201
233
260
286
309
328
341
350
357
363
365
357
337
299
250
200
160
133
116
104
93
83
77
73
70
67
64
65
75
99
140
192
243
283
313
337
358
379
396
409
418
425
431
434
430
415
384
338
288
244
213
193
179
167
156
147
140
134
128
121
116
119
134
166
211
259
300
330
351
371
390
408
422
431
439
446
452
453
444
421
382
335
291
258
239
227
217
207
199
193
189
184
178
173
174
185
210
252
300
345
379
403
423
443
463
479
492
502
512
522
528
528
515
485
444
402
370
350
340
334
327
321
316
313
309
304
298
295
301
320
356
401
447
482
508
528
547
566
584
598
610
621
633
643
648
642
621
585
545
512
490
479
473
468
462
457
453
449
442
434
428
427
438
465
506
549
586
612
631
648
666
682
696
708
719
730
742
750
748
733
703
664
627
602
589
582
578
572
566
562
557
551
541
532
527
530
548
582
622
657
683
700
712
726
739
751
760
767
775
784
791
791
779
751
711
670
638
618
607
598
589
579
570
560
548
533
517
502
495
501
522
553
584
605
616
621
626
631
635
636
636
635
635
635
630
614
583
539
490
447
417
397
382
367
351
335
320
303
284
262
241
225
220
230
254
280
299
308
308
307
307
307
305
300
295
292
289
284
270
243
201
152
106
71
48
33
19
5
-10
-25
-39
-55
-75
-94
-111
-118
-111
-89
-59
-34
-20
-15
-13
-10
-7
-6
-6
-8
-8
-7
-8
-14
-32
-65
-109
-154
-189
-212
-225
-235
-245
-256
-266
-277
-288
-303
-319
-333
-339
-334
-312
-280
-248
-226
-214
-208
-201
-194
-188
-183
-181
-177
-172
-167
-166
-174
-197
-232
-272
-305
-325
-334
-338
-342
-346
-351
-355
-360
-368
-379
-389
-394
-389
-368
-335
-299
-270
-251
-241
-231
-220
-210
-201
-194
-187
-178
-168
-161
-162
-174
-202
-237
-270
-290
-299
-300
-299
-300
-301
-302
-303
-307
-314
-321
-326
-322
-305
-272
-233
-198
-174
-159
-147
-135
-122
-111
-101
-93
-83
-71
-61
-56
-62
-83
-115
-147
-170
-181
-183
-181
-181
-182
-183
-184
-187
-194
-203
-211
-212
-201
-175
-139
-104
-78
-63
-54
-45
-35
-26
-19
-13
-6
3
12
17
12
-6
-38
-73
-102
-119
-124
-125
-125
-126
-128
-129
-132
-139
-148
-157
-162
-157
-137
-104
-69
-41
-23
-14
-7
1
9
15
19
24
30
37
42
40
25
-4
-41
-75
-98
-108
-111
-112
-114
-117
-120
-124
-131
-141
-153
-162
-163
-150
-124
-92
-64
-47
-40
-36
-32
-27
-24
-22
-21
-19
-14
-11
-13
-26
-53
-92
-130
-159
-176
-183
-187
-192
-197
-203
-208
-216
-227
-241
-254
-261
-255
-235
-204
-175
-155
-146
-142
-139
-134
-131
-129
-128
-126
-122
-117
-116
-124
-145
-179
-217
-248
-266
-272
-273
-274
-276
-277
-279
-282
-288
-298
-308
-313
-309
-290
-259
-225
-198
-182
-174
-167
-159
-151
-144
-138
-132
-123
-113
-104
-103
-113
-137
-169
-197
-213
-217
-212
-206
-202
-198
-193
-190
-190
-194
-199
-202
-197
-179
-147
-108
-74
-50
-36
-25
-12
1
14
26
37
50
66
82
93
94
81
58
35
23
24
36
51
66
80
95
110
123
132
138
145
159
184
224
273
321
359
386
408
428
450
470
488
505
522
542
562
577
585
578
558
534
516
511
516
527
537
545
552
557
560
558
551
542
537
540
557
585
616
638
648
650
649
649
649
647
643
640
638
638
636
627
606
571
528
487
458
442
433
425
416
406
396
385
370
350
329
310
298
300
315
337
354
360
357
349
343
337
330
322
314
308
304
300
291
273
240
197
153
120
99
89
81
73
64
55
45
33
17
-1
-19
-31
-32
-17
6
29
41
43
40
36
33
29
25
19
15
13
12
8
-4
-29
-67
-108
-142
-163
-172
-175
-178
-183
-187
-191
-196
-205
-218
-232
-241
-242
-228
-202
-174
-154
-144
-144
-144
-144
-143
-144
-146
-147
-145
-142
-140
-145
-161
-191
-228
-262
-284
-293
-295
-295
-297
-299
-301
-304
-311
-321
-333
-344
-346
-336
-311
-281
-255
-240
-235
-234
-233
-230
-230
-231
-232
-232
-230
-228
-230
-240
-262
-293
-321
-335
-333
-315
-289
-258
-222
-182
-137
-90
-44
2
52
109
180
267
364
462
550
627
697
765
833
898
959
1015
1069
1120
1167
1204
1227
1230
1212
1182
1152
1128
1108
1088
1063
1031
995
956
911
861
805
747
693
646
613
592
572
544
505
457
407
358
310
262
215
171
131
97
63
27
-18
-73
-132
-186
-225
-249
-263
-274
-285
-294
-301
-308
-317
-329
-343
-353
-356
-346
-321
-290
-263
-246
-239
-235
-230
-224
-219
-215
-210
-202
-192
-181
-175
-178
-195
-222
-249
-266
-271
-265
-256
-249
-242
-236
-231
-229
-231
-236
-241
-240
-229
-203
-168
-134
-109
-96
-88
-81
-73
-65
-59
-54
-47
-39
-29
-22
-24
-38
-66
-98
-123
-135
-136
-132
-127
-124
-122
-120
-120
-124
-132
-142
-148
-145
-128
-99
-67
-43
-29
-25
-22
-18
-14
-11
-10
-8
-4
3
8
6
-6
-34
-68
-100
-120
-127
-127
-125
-124
-124
-125
-127
-132
-141
-153
-162
-164
-154
-129
-98
-72
-56
-51
-49
-47
-44
-42
-42
-42
-39
-35
-30
-30
-40
-64
-98
-133
-159
-171
-174
-173
-173
-174
-175
-176
-181
-189
-200
-211
-217
-211
-191
-162
-133
-113
-105
-103
-102
-99
-98
-98
-99
-98
-95
-91
-89
-95
-115
-147
-182
-211
-226
-229
-227
-224
-221
-219
-216
-216
-219
-226
-234
-238
-233
-214
-184
-150
-123
-108
-102
-97
-91
-85
-81
-77
-73
-66
-57
-49
-48
-57
-81
-112
-139
-154
-157
-151
-143
-136
-130
-124
-119
-117
-119
-123
-126
-120
-103
-71
-33
0
23
36
45
55
65
75
83
90
101
113
126
134
132
117
91
64
47
43
49
58
67
74
81
87
91
91
87
84
87
99
127
163
199
225
239
248
256
264
272
278
283
289
298
308
315
314
300
273
243
219
208
209
216
224
230
237
243
247
247
244
239
238
246
267
300
337
365
382
390
396
402
409
414
418
422
429
438
446
448
438
414
383
354
338
334
338
344
349
352
356
358
356
351
343
336
337
350
377
410
439
457
465
469
473
478
482
484
486
491
498
505
507
500
478
447
414
391
381
382
386
389
391
393
395
394
388
380
372
369
377
400
432
462
483
493
496
498
501
503
504
504
505
509
514
516
510
491
460
425
397
382
379
381
385
387
388
390
390
386
378
369
363
367
384
414
446
470
484
488
491
495
499
501
503
505
510
517
523
523
513
488
456
427
410
407
411
418
423
427
431
434
434
429
421
415
416
430
457
490
519
536
543
547
550
555
558
559
560
563
568
574
575
566
543
510
476
451
439
438
439
440
439
439
437
433
424
412
400
393
397
414
441
468
484
489
487
484
482
480
476
471
467
466
465
462
452
428
392
352
318
298
289
286
283
278
273
267
259
247
231
214
199
194
202
221
244
259
263
258
251
245
239
231
223
216
211
209
205
195
175
140
99
60
34
20
14
10
5
-1
-8
-16
-28
-45
-64
-81
-91
-88
-72
-50
-31
-24
-27
-33
-39
-44
-50
-57
-65
-70
-72
-74
-80
-96
-125
-165
-204
-235
-251
-258
-261
-265
-270
-275
-281
-289
-302
-318
-334
-344
-344
-330
-306
-283
-270
-268
-272
-277
-281
-286
-292
-299
-305
-307
-308
-311
-322
-345
-381
-420
-453
-472
-480
-481
-483
-485
-487
-490
-495
-504
-516
-530
-541
-542
-530
-506
-480
-460
-453
-453
-457
-459
-461
-464
-468
-472
-473
-471
-471
-476
-491
-521
-557
-591
-612
-621
-621
-619
-619
-620
-620
-622
-627
-637
-648
-659
-662
-652
-629
-599
-573
-558
-553
-552
-550
-547
-545
-544
-543
-539
-533
-526
-523
-529
-549
-580
-610
-631
-639
-636
-630
-625
-621
-617
-613
-613
-616
-623
-630
-632
-622
-599
-566
-534
-512
-501
-496
-493
-488
-483
-480
-478
-473
-466
-458
-452
-453
-467
-493
-523
-547
-557
-555
-546
-538
-531
-524
-517
-513
-513
-516
-521
-523
-517
-497
-465
-430
-403
-388
-382
-378
-373
-368
-364
-361
-357
-350
-341
-332
-330
-338
-360
-389
-416
-430
-432
-426
-418
-411
-405
-399
-395
-395
-399
-406
-411
-409
-395
-367
-332
-303
-283
-274
-270
-265
-258
-253
-250
-246
-240
-231
-222
-216
-220
-238
-267
-296
-315
-321
-316
-308
-300
-294
-288
-283
-280
-282
-287
-293
-293
-284
-260
-227
-195
-173
-163
-160
-157
-153
-150
-149
-149
-147
-143
-137
-134
-138
-155
-185
-219
-246
-260
-261
-257
-252
-249
-245
-242
-241
-244
-251
-259
-265
-263
-247
-219
-188
-166
-155
-153
-154
-153
-153
-154
-156
-158
-156
-153
-150
-153
-167
-194
-229
-261
-281
-287
-285
-281
-278
-276
-274
-273
-276
-283
-293
-301
-302
-291
-266
-235
-209
-193
-188
-187
-186
-184
-183
-182
-181
-178
-171
-163
-159
-163
-181
-208
-236
-253
-256
-248
-236
-223
-212
-200
-188
-179
-173
-171
-168
-159
-140
-107
-64
-21
12
34
49
63
79
93
106
118
131
147
164
177
183
176
155
131
112
107
114
127
140
152
163
173
181
185
183
179
178
184
202
232
264
288
299
301
300
300
299
296
292
288
286
287
286
279
261
229
189
151
125
112
107
104
99
93
87
79
67
51
32
15
4
6
21
43
62
70
69
64
60
57
53
48
43
41
41
42
39
26
-1
-38
-76
-105
-121
-127
-129
-131
-135
-139
-144
-152
-164
-179
-194
-203
-202
-187
-161
-136
-120
-114
-116
-118
-118
-119
-121
-123
-124
-123
-119
-118
-125
-143
-175
-211
-240
-257
-261
-259
-257
-257
-256
-256
-258
-264
-274
-285
-293
-293
-279
-253
-223
-200
-188
-186
-185
-182
-179
-178
-177
-175
-170
-163
-157
-156
-166
-191
-223
-252
-270
-274
-271
-266
-262
-259
-257
-256
-259
-266
-276
-285
-287
-278
-254
-224
-198
-183
-178
-177
-176
-174
-172
-173
-174
-173
-170
-167
-169
-180
-206
-242
-280
-307
-319
-319
-313
-304
-293
-277
-257
-234
-209
-181
-148
-105
-47
29
117
208
291
365
434
503
574
645
714
781
849
916
983
1043
1091
1123
1135
1136
1137
1143
1154
1163
1165
1157
1142
1120
1090
1052
1005
954
903
858
825
804
785
758
720
672
621
571
521
469
416
364
314
268
222
172
114
44
-30
-99
-153
-190
-216
-236
-256
-274
-290
-306
-323
-343
-363
-379
-387
-382
-362
-334
-309
-294
-289
-289
-287
-284
-282
-280
-279
-275
-267
-259
-254
-258
-275
-302
-329
-347
-352
-345
-335
-325
-316
-307
-299
-294
-293
-296
-299
-298
-287
-261
-227
-192
-168
-155
-148
-143
-136
-129
-124
-120
-113
-104
-94
-85
-84
-95
-119
-147
-169
-178
-176
-167
-158
-150
-143
-136
-132
-132
-137
-143
-147
-143
-125
-96
-63
-38
-24
-19
-16
-12
-7
-4
-2
1
7
16
24
26
18
-5
-34
-61
-77
-80
-74
-66
-60
-56
-51
-48
-49
-54
-62
-69
-70
-59
-35
-3
24
40
45
46
47
49
50
50
50
52
57
62
63
54
32
-1
-35
-59
-71
-71
-68
-66
-65
-64
-64
-68
-75
-87
-99
-105
-102
-85
-58
-32
-15
-9
-11
-13
-13
-14
-17
-19
-21
-19
-15
-14
-19
-37
-68
-102
-130
-145
-148
-144
-140
-137
-135
-132
-132
-137
-146
-156
-164
-163
-150
-124
-95
-73
-63
-61
-62
-62
-61
-61
-63
-63
-61
-56
-52
-52
-64
-88
-121
-150
-167
-170
-166
-159
-153
-148
-144
-140
-140
-144
-151
-156
-155
-142
-116
-82
-52
-33
-24
-19
-14
-8
-3
1
5
11
19
28
34
30
12
-16
-45
-64
-71
-66
-58
-51
-44
-38
-33
-30
-31
-36
-41
-42
-32
-9
24
57
81
94
99
104
110
115
119
123
127
135
145
153
153
141
117
88
66
57
59
68
78
87
95
104
110
113
111
107
107
114
134
167
203
232
249
258
264
271
278
283
288
293
302
312
322
327
321
300
273
248
235
235
243
254
263
271
280
287
290
289
285
281
285
300
329
364
396
416
426
431
437
444
449
453
457
464
473
483
489
486
469
442
414
395
389
394
403
412
419
426
432
435
434
429
423
422
432
455
487
519
542
553
557
560
564
568
570
572
575
581
588
594
592
578
550
519
494
482
482
488
494
499
504
508
510
507
500
492
485
487
501
528
558
581
592
594
594
595
596
595
593
593
595
599
603
602
590
564
531
501
482
476
479
484
487
489
492
492
489
481
470
460
457
465
487
515
540
553
556
555
553
553
551
548
545
544
546
548
546
535
510
474
438
410
395
391
391
390
387
384
381
374
362
346
330
318
316
328
349
370
382
382
375
367
361
354
346
337
329
324
321
316
304
279
242
200
164
141
131
126
123
118
113
107
99
87
71
52
36
28
33
50
70
84
85
78
68
59
51
41
30
20
13
8
2
-8
-29
-64
-106
-145
-172
-187
-192
-196
-200
-206
-211
-218
-229
-244
-262
-278
-289
-288
-273
-252
-234
-227
-230
-238
-245
-251
-257
-265
-273
-278
-281
-282
-287
-301
-328
-366
-404
-433
-448
-453
-454
-455
-457
-460
-464
-470
-480
-494
-508
-518
-517
-503
-478
-454
-439
-435
-439
-442
-445
-447
-452
-456
-460
-460
-458
-458
-466
-485
-517
-553
-582
-599
-604
-602
-600
-599
-598
-598
-600
-606
-616
-629
-639
-641
-630
-607
-581
-561
-553
-554
-557
-560
-562
-565
-569
-572
-572
-570
-569
-572
-587
-615
-650
-683
-704
-712
-711
-708
-707
-707
-706
-707
-711
-721
-733
-743
-748
-741
-720
-693
-670
-657
-655
-657
-659
-660
-662
-665
-668
-668
-666
-663
-664
-674
-698
-732
-767
-793
-805
-807
-804
-802
-801
-800
-800
-803
-810
-821
-832
-838
-835
-817
-790
-763
-745
-739
-739
-741
-741
-742
-745
-747
-748
-746
-743
-741
-747
-764
-794
-828
-856
-871
-874
-870
-865
-862
-859
-856
-856
-859
-867
-877
-883
-882
-868
-841
-811
-787
-775
-772
-771
-769
-767
-766
-766
-765
-762
-756
-751
-750
-760
-784
-815
-844
-861
-864
-859
-852
-846
-841
-836
-832
-832
-837
-844
-851
-850
-839
-814
-782
-753
-736
-729
-726
-723
-719
-716
-714
-712
-709
-702
-695
-692
-697
-716
-745
-776
-797
-805
-802
-795
-788
-783
-778
-773
-771
-774
-780
-787
-789
-782
-760
-729
-698
-677
-666
-663
-661
-658
-655
-654
-653
-651
-645
-638
-634
-636
-650
-678
-709
-735
-748
-748
-743
-736
-731
-727
-723
-721
-723
-730
-739
-745
-742
-727
-700
-670
-646
-633
-630
-629
-627
-624
-623
-623
-622
-619
-613
-607
-607
-617
-641
-673
-703
-720
-724
-720
-713
-707
-702
-697
-693
-693
-697
-704
-710
-710
-698
-672
-639
-610
-592
-584
-581
-578
-574
-570
-568
-567
-563
-556
-549
-546
-552
-571
-601
-632
-653
-660
-656
-648
-639
-632
-624
-617
-612
-612
-615
-619
-617
-606
-580
-544
-507
-479
-462
-451
-441
-428
-415
-404
-392
-378
-362
-343
-327
-318
-321
-337
-358
-374
-377
-368
-353
-338
-326
-314
-303
-294
-290
-291
-294
-294
-286
-265
-233
-197
-168
-150
-142
-137
-131
-126
-123
-121
-120
-116
-111
-107
-109
-122
-149
-184
-217
-239
-248
-249
-249
-250
-252
-255
-259
-267
-280
-296
-311
-321
-319
-302
-280
-261
-253
-255
-262
-269
-274
-281
-289
-296
-302
-305
-307
-312
-326
-353
-391
-429
-458
-473
-477
-477
-478
-479
-480
-482
-487
-495
-508
-520
-528
-526
-510
-484
-458
-441
-435
-437
-439
-439
-440
-442
-444
-444
-442
-437
-434
-437
-452
-481
-513
-539
-552
-553
-547
-540
-535
-531
-526
-524
-526
-533
-541
-547
-545
-530
-503
-473
-449
-437
-433
-433
-431
-429
-429
-429
-428
-424
-418
-412
-411
-421
-445
-476
-505
-522
-526
-522
-515
-509
-504
-499
-496
-497
-502
-510
-518
-519
-509
-484
-453
-426
-410
-404
-402
-400
-398
-396
-395
-394
-391
-385
-378
-374
-379
-398
-428
-458
-480
-488
-486
-480
-475
-471
-468
-466
-468
-475
-485
-495
-498
-489
-461
-419
-371
-326
-285
-244
-196
-140
-79
-15
52
124
201
282
362
436
499
549
593
643
704
775
849
920
985
1044
1096
1139
1169
1185
1191
1190
1188
1189
1194
1194
1180
1149
1105
1054
1001
946
888
828
767
708
652
595
532
460
373
278
186
106
39
-18
-72
-126
-179
-229
-278
-328
-379
-430
-476
-513
-536
-543
-540
-539
-547
-563
-581
-596
-608
-619
-629
-638
-643
-644
-643
-645
-655
-678
-710
-743
-765
-774
-770
-762
-753
-745
-735
-726
-718
-714
-714
-713
-707
-691
-662
-622
-583
-554
-536
-526
-517
-507
-497
-489
-483
-475
-464
-452
-443
-440
-449
-471
-498
-518
-525
-520
-508
-494
-483
-471
-460
-450
-444
-443
-444
-442
-432
-409
-375
-338
-308
-289
-281
-275
-269
-263
-258
-255
-251
-244
-235
-227
-224
-232
-253
-281
-307
-321
-321
-313
-302
-292
-283
-274
-266
-261
-261
-263
-265
-260
-245
-216
-180
-148
-127
-117
-113
-108
-102
-98
-95
-93
-89
-82
-74
-70
-74
-92
-121
-150
-171
-177
-173
-164
-155
-147
-140
-133
-129
-129
-132
-137
-137
-127
-104
-71
-39
-16
-5
-2
1
4
7
8
9
10
15
21
25
23
8
-19
-51
-76
-89
-89
-82
-75
-69
-63
-57
-54
-54
-59
-66
-71
-67
-51
-23
9
33
46
50
51
53
55
56
56
56
59
65
70
70
60
36
5
-25
-42
-46
-41
-34
-27
-22
-16
-12
-11
-14
-20
-26
-25
-13
13
46
75
93
101
104
107
111
114
117
119
124
131
140
144
140
123
95
67
47
42
47
57
66
74
82
90
95
95
92
89
89
100
125
159
193
217
230
235
240
246
252
256
260
266
275
286
295
298
288
265
238
218
210
215
226
238
248
257
266
273
276
275
271
269
276
295
327
362
390
406
414
418
424
430
435
440
445
453
464
474
480
475
457
431
408
396
398
408
420
431
442
452
461
466
467
465
464
469
485
515
552
586
608
620
628
635
644
652
659
665
675
687
699
709
710
697
674
649
634
631
640
653
665
676
687
697
704
707
706
704
707
719
745
781
817
843
858
865
871
879
886
892
897
903
913
924
934
936
927
905
878
858
850
856
867
880
891
902
913
922
926
925
923
923
931
951
984
1020
1049
1066
1074
1079
1084
1091
1095
1099
1103
1110
1120
1129
1133
1126
1106
1078
1052
1038
1037
1045
1054
1063
1070
1077
1083
1085
1082
1077
1072
1073
1085
1112
1145
1174
1192
1199
1201
1203
1207
1209
1210
1210
1212
1217
1223
1224
1217
1196
1164
1131
1107
1096
1096
1099
1102
1104
1105
1105
1103
1095
1084
1072
1064
1066
1080
1105
1129
1143
1145
1140
1134
1129
1123
1115
1106
1099
1094
1091
1086
1073
1049
1011
969
933
909
898
893
888
882
875
867
857
844
825
804
785
774
775
789
805
814
812
799
785
771
757
742
725
709
696
686
675
659
633
593
546
501
468
448
436
428
418
407
396
384
368
348
325
303
288
284
293
310
324
326
318
306
293
282
270
257
243
233
226
220
210
193
162
121
79
47
28
21
18
16
12
8
3
-4
-15
-30
-45
-56
-57
-44
-21
2
15
17
13
7
2
-2
-8
-15
-20
-21
-21
-22
-30
-50
-83
-120
-150
-168
-172
-170
-168
-167
-166
-166
-167
-173
-184
-196
-206
-209
-198
-175
-149
-130
-122
-124
-128
-131
-134
-138
-144
-148
-150
-149
-148
-152
-166
-194
-229
-262
-283
-290
-289
-285
-283
-281
-280
-279
-282
-290
-300
-310
-313
-305
-284
-256
-231
-218
-216
-218
-220
-221
-223
-226
-229
-231
-229
-227
-228
-238
-261
-295
-330
-356
-368
-369
-365
-362
-360
-358
-357
-358
-364
-374
-384
-390
-386
-369
-341
-313
-295
-288
-288
-289
-289
-289
-290
-292
-292
-290
-285
-282
-286
-302
-330
-364
-391
-405
-407
-403
-398
-395
-392
-389
-389
-393
-401
-412
-421
-421
-409
-385
-357
-336
-326
-326
-329
-330
-331
-333
-336
-338
-337
-333
-329
-330
-341
-366
-398
-428
-447
-452
-448
-442
-438
-434
-431
-429
-430
-437
-446
-455
-457
-448
-425
-396
-370
-355
-350
-351
-352
-351
-352
-353
-355
-355
-351
-347
-346
-354
-375
-406
-439
-462
-472
-471
-465
-460
-456
-452
-449
-448
-452
-460
-468
-472
-466
-446
-416
-387
-367
-358
-357
-356
-354
-353
-353
-355
-354
-351
-345
-341
-344
-359
-387
-419
-445
-459
-459
-454
-447
-441
-436
-431
-428
-430
-435
-443
-448
-446
-430
-403
-371
-347
-335
-331
-331
-329
-327
-327
-328
-328
-325
-320
-315
-316
-326
-350
-382
-411
-428
-432
-427
-419
-413
-407
-401
-397
-396
-400
-407
-412
-411
-399
-373
-340
-310
-291
-283
-279
-275
-271
-266
-263
-260
-255
-246
-237
-231
-234
-250
-277
-305
-324
-330
-324
-314
-305
-297
-290
-283
-279
-279
-282
-286
-285
-273
-248
-212
-176
-150
-134
-126
-118
-109
-100
-91
-83
-73
-59
-42
-27
-18
-20
-35
-54
-67
-67
-54
-34
-13
6
25
43
59
70
76
80
86
99
124
161
201
233
254
264
272
281
290
297
303
309
318
328
338
342
335
314
284
255
238
234
237
243
247
250
252
252
248
239
227
215
209
213
231
256
276
284
281
273
265
258
249
238
227
218
212
207
199
181
151
110
69
37
18
12
9
7
4
1
-3
-8
-18
-32
-46
-56
-56
-42
-18
5
20
23
19
14
10
6
0
-6
-11
-13
-12
-14
-22
-41
-74
-111
-142
-159
-164
-162
-159
-158
-157
-155
-156
-160
-169
-179
-187
-187
-174
-148
-119
-97
-86
-85
-86
-86
-86
-87
-88
-89
-86
-81
-77
-77
-87
-111
-143
-172
-189
-193
-187
-180
-173
-167
-161
-156
-155
-158
-164
-169
-168
-156
-130
-97
-68
-50
-43
-41
-38
-34
-31
-30
-29
-26
-19
-12
-9
-15
-34
-64
-95
-117
-125
-123
-116
-110
-105
-101
-97
-97
-102
-110
-120
-125
-121
-103
-76
-49
-32
-26
-26
-25
-19
-9
4
24
52
90
139
193
246
292
330
366
412
472
546
628
712
794
876
955
1031
1100
1162
1219
1273
1330
1392
1460
1524
1572
1600
1610
1608
1599
1581
1554
1520
1480
1438
1394
1347
1292
1224
1142
1050
960
881
815
757
701
643
584
525
463
399
330
258
188
127
79
48
27
5
-23
-58
-94
-127
-154
-179
-203
-224
-240
-250
-256
-264
-277
-302
-337
-371
-395
-405
-404
-398
-392
-387
-383
-380
-379
-382
-389
-397
-399
-392
-369
-336
-302
-278
-264
-256
-249
-240
-231
-223
-216
-206
-194
-180
-168
-163
-170
-190
-215
-234
-240
-235
-223
-210
-199
-188
-178
-170
-166
-167
-170
-170
-162
-142
-109
-73
-44
-26
-18
-12
-5
2
8
12
18
26
36
46
51
45
25
-4
-30
-44
-46
-38
-29
-21
-14
-8
-2
-1
-4
-10
-14
-13
0
27
61
91
111
119
123
126
131
135
137
139
143
150
158
161
156
138
108
78
57
50
54
62
70
77
84
91
95
94
90
86
86
95
119
152
185
208
220
225
229
234
239
242
244
248
255
264
270
270
257
231
200
175
164
164
171
178
184
189
194
198
197
191
184
179
182
197
225
257
281
294
297
298
300
303
305
305
306
310
316
322
322
312
289
257
228
210
206
211
218
224
229
234
238
239
235
228
223
223
235
261
294
323
341
348
350
353
356
358
359
359
361
366
372
374
367
347
315
283
260
251
253
260
266
271
276
281
284
282
276
271
269
277
300
333
366
390
402
407
411
417
422
425
428
432
439
448
455
456
444
419
389
366
355
358
367
376
385
393
401
406
408
406
401
400
406
425
456
492
520
536
543
547
552
558
562
565
569
575
584
593
596
589
568
539
512
497
496
503
513
522
529
537
544
547
546
542
539
542
557
585
621
652
673
683
689
694
700
706
710
713
719
728
737
743
740
724
697
669
650
644
650
660
670
678
687
695
701
702
700
697
698
710
735
770
805
830
844
850
855
862
868
872
876
881
889
899
907
908
897
874
845
823
814
817
827
838
847
856
864
870
872
869
864
861
867
885
916
950
977
993
999
1002
1006
1010
1013
1015
1018
1023
1030
1037
1039
1030
1007
977
949
932
929
934
941
947
952
957
961
961
956
948
941
939
950
974
1004
1031
1047
1053
1053
1054
1056
1057
1057
1056
1058
1062
1067
1068
1060
1039
1007
973
949
938
937
941
944
946
947
947
945
938
927
915
908
910
926
952
978
994
998
995
990
987
984
978
972
967
966
965
963
954
932
898
858
825
805
797
795
793
790
786
781
774
763
748
730
714
706
711
727
748
761
762
754
743
732
722
711
699
687
678
671
664
651
629
592
548
505
475
458
450
444
437
428
420
410
397
379
358
338
325
323
334
352
367
370
363
351
339
328
316
303
290
280
272
266
257
239
207
166
123
90
70
62
58
54
49
44
38
30
18
1
-16
-28
-31
-19
2
24
37
39
33
27
23
18
12
6
2
1
1
0
-8
-28
-61
-98
-130
-148
-153
-152
-150
-150
-150
-150
-152
-158
-169
-182
-192
-194
-183
-160
-134
-114
-106
-108
-112
-115
-117
-120
-125
-129
-129
-127
-125
-129
-143
-170
-206
-238
-259
-267
-266
-262
-260
-259
-257
-258
-262
-270
-282
-292
-297
-289
-268
-241
-217
-204
-202
-204
-206
-207
-209
-212
-215
-216
-214
-211
-211
-220
-242
-274
-308
-332
-342
-342
-337
-333
-330
-327
-325
-325
-330
-339
-348
-353
-349
-330
-302
-274
-256
-249
-249
-250
-249
-249
-250
-251
-251
-247
-242
-238
-240
-254
-281
-313
-338
-350
-350
-343
-335
-329
-322
-317
-313
-314
-319
-327
-332
-329
-313
-285
-254
-229
-217
-214
-213
-212
-210
-209
-210
-209
-205
-199
-193
-191
-200
-223
-254
-283
-299
-303
-298
-290
-284
-279
-274
-271
-270
-275
-282
-289
-290
-279
-254
-223
-195
-179
-172
-171
-169
-167
-165
-164
-164
-161
-155
-148
-146
-152
-171
-202
-233
-256
-265
-263
-257
-251
-248
-244
-242
-241
-246
-255
-264
-269
-265
-247
-219
-191
-173
-167
-168
-170
-171
-173
-176
-179
-181
-180
-177
-176
-182
-200
-231
-266
-295
-312
-315
-313
-310
-309
-308
-307
-309
-315
-326
-339
-350
-352
-342
-320
-294
-275
-268
-270
-274
-278
-280
-284
-289
-293
-294
-292
-290
-294
-307
-335
-370
-402
-422
-429
-427
-423
-419
-417
-414
-413
-416
-423
-433
-442
-445
-436
-413
-383
-357
-341
-337
-336
-336
-334
-333
-333
-332
-330
-323
-316
-312
-316
-333
-360
-389
-407
-412
-406
-396
-385
-376
-367
-358
-353
-352
-356
-360
-360
-350
-326
-293
-259
-235
-222
-216
-211
-204
-197
-191
-185
-177
-166
-151
-138
-131
-135
-151
-172
-185
-185
-171
-151
-130
-109
-89
-69
-51
-37
-27
-19
-9
9
39
81
127
165
190
206
218
230
243
253
262
271
282
296
308
316
313
296
271
248
237
238
247
258
266
273
280
284
283
277
267
257
253
259
278
304
325
335
334
327
321
315
309
300
292
285
281
278
271
256
227
187
145
113
94
85
80
75
68
60
52
40
24
3
-19
-36
-44
-38
-22
-6
0
-5
-17
-30
-41
-52
-65
-78
-89
-97
-102
-109
-123
-148
-185
-227
-263
-284
-294
-297
-299
-302
-306
-310
-316
-327
-342
-359
-374
-381
-375
-356
-334
-318
-314
-319
-326
-333
-338
-344
-352
-357
-360
-360
-359
-364
-378
-406
-442
-475
-496
-504
-502
-498
-495
-493
-492
-491
-494
-502
-513
-524
-528
-521
-500
-471
-446
-433
-430
-431
-433
-433
-434
-436
-438
-438
-434
-429
-428
-434
-454
-484
-515
-537
-546
-543
-535
-528
-523
-517
-512
-510
-512
-519
-526
-530
-523
-502
-472
-442
-421
-411
-409
-407
-404
-401
-400
-399
-397
-391
-385
-380
-382
-396
-424
-456
-482
-494
-492
-482
-468
-453
-435
-413
-388
-362
-335
-305
-268
-217
-150
-68
21
106
180
247
313
381
450
518
585
651
718
786
852
909
951
975
986
992
1004
1021
1041
1055
1060
1056
1045
1026
999
961
917
869
825
789
765
747
723
687
639
585
531
476
419
360
301
245
192
141
88
29
-40
-117
-193
-255
-300
-330
-353
-374
-393
-410
-426
-443
-464
-486
-508
-524
-528
-518
-497
-475
-462
-461
-466
-472
-477
-481
-487
-492
-495
-494
-491
-488
-492
-506
-532
-562
-585
-595
-591
-580
-569
-559
-549
-540
-534
-533
-537
-544
-549
-547
-532
-506
-476
-453
-442
-441
-443
-443
-442
-442
-442
-441
-436
-428
-419
-415
-421
-440
-466
-489
-501
-499
-488
-476
-466
-457
-449
-443
-441
-444
-452
-459
-461
-453
-431
-402
-378
-365
-363
-366
-369
-370
-372
-374
-376
-376
-371
-365
-362
-367
-385
-413
-442
-461
-467
-461
-451
-442
-435
-427
-421
-418
-420
-427
-435
-439
-435
-417
-390
-363
-346
-341
-342
-345
-346
-347
-349
-351
-351
-348
-342
-337
-339
-351
-377
-406
-429
-438
-435
-425
-414
-406
-398
-390
-386
-386
-392
-400
-407
-406
-394
-370
-342
-322
-313
-314
-318
-320
-321
-323
-326
-327
-324
-319
-313
-311
-319
-341
-369
-394
-408
-408
-398
-386
-376
-366
-357
-350
-346
-348
-354
-360
-360
-349
-325
-294
-267
-252
-248
-248
-248
-247
-246
-247
-247
-244
-237
-229
-224
-226
-241
-267
-293
-309
-311
-302
-289
-275
-263
-251
-240
-233
-230
-232
-236
-236
-227
-204
-172
-140
-119
-109
-106
-104
-101
-98
-95
-93
-89
-81
-70
-61
-57
-65
-86
-111
-129
-134
-127
-113
-98
-85
-73
-61
-52
-49
-50
-54
-57
-52
-35
-6
27
51
64
67
68
70
73
75
76
79
85
94
103
108
103
85
58
35
24
25
36
49
60
70
79
87
90
88
82
76
76
87
111
142
168
184
188
188
187
188
188
187
186
188
193
200
205
200
183
156
128
109
104
110
120
129
137
145
152
155
153
146
138
135
140
159
188
216
235
241
240
238
238
237
235
233
233
236
242
247
245
232
207
178
155
146
150
161
173
183
193
203
209
212
208
203
199
202
217
245
275
298
309
310
309
309
309
308
307
307
310
316
323
325
317
296
268
243
231
232
242
255
266
277
287
295
299
298
294
289
291
303
328
360
388
405
410
411
411
413
413
412
412
414
419
425
428
423
406
378
351
333
329
336
348
360
371
381
390
396
397
394
389
387
395
416
447
477
497
506
507
507
508
509
508
507
508
512
518
522
520
507
480
450
426
416
418
427
437
445
452
459
463
462
456
447
440
440
451
475
502
521
527
524
518
513
508
502
495
490
487
487
487
482
468
439
404
371
350
343
344
348
351
353
354
353
349
339
324
310
302
304
319
341
357
362
356
344
333
322
310
297
284
273
265
259
250
233
203
163
122
91
74
68
66
65
62
58
54
47
35
19
2
-12
-16
-6
13
31
39
35
24
11
0
-11
-23
-35
-46
-53
-57
-63
-75
-98
-134
-174
-207
-226
-233
-233
-232
-232
-233
-234
-237
-245
-258
-273
-286
-291
-284
-265
-243
-228
-225
-232
-241
-250
-257
-266
-275
-283
-288
-289
-290
-295
-310
-338
-374
-407
-427
-433
-431
-425
-421
-418
-414
-413
-415
-422
-432
-442
-446
-440
-419
-392
-369
-357
-355
-359
-363
-365
-368
-371
-375
-375
-373
-369
-367
-374
-394
-424
-454
-475
-483
-478
-470
-462
-455
-448
-442
-439
-441
-447
-454
-457
-451
-431
-402
-373
-354
-346
-346
-346
-345
-344
-344
-344
-343
-338
-330
-324
-324
-335
-359
-388
-409
-418
-414
-403
-392
-383
-374
-365
-359
-358
-362
-369
-374
-371
-355
-328
-298
-275
-264
-262
-262
-262
-260
-260
-260
-259
-255
-248
-241
-239
-246
-267
-295
-321
-335
-335
-327
-316
-306
-298
-290
-284
-282
-285
-291
-297
-297
-286
-262
-231
-204
-188
-183
-183
-183
-181
-180
-181
-181
-179
-173
-166
-163
-167
-184
-212
-241
-260
-265
-260
-250
-240
-232
-225
-218
-214
-216
-221
-228
-232
-226
-206
-177
-148
-129
-122
-122
-123
-122
-121
-121
-122
-120
-115
-108
-102
-102
-115
-140
-170
-193
-204
-202
-194
-185
-179
-173
-168
-166
-169
-177
-188
-197
-198
-187
-163
-137
-118
-111
-113
-118
-121
-124
-127
-132
-135
-134
-131
-127
-127
-138
-162
-194
-223
-240
-243
-238
-230
-224
-220
-216
-213
-215
-222
-233
-243
-247
-240
-220
-193
-170
-159
-158
-162
-165
-167
-170
-174
-178
-179
-176
-172
-171
-178
-198
-229
-261
-283
-291
-288
-280
-273
-268
-262
-258
-256
-260
-267
-275
-279
-274
-255
-226
-197
-178
-170
-170
-171
-170
-169
-170
-171
-170
-166
-159
-153
-154
-166
-190
-218
-240
-248
-243
-231
-219
-207
-196
-184
-175
-169
-169
-170
-168
-159
-136
-101
-63
-32
-12
-2
7
16
27
37
47
59
74
92
111
126
130
122
106
93
93
106
128
152
175
197
218
237
251
260
265
270
280
300
334
374
409
432
444
450
457
464
471
475
479
484
492
500
504
498
479
448
416
393
382
383
387
389
390
390
389
384
373
358
341
328
325
334
353
371
378
374
362
349
337
324
310
295
282
272
265
257
242
216
177
135
99
77
67
65
63
60
57
53
48
38
23
6
-9
-16
-11
6
26
39
39
30
19
8
-2
-13
-25
-35
-42
-46
-50
-59
-77
-109
-147
-183
-206
-215
-214
-212
-210
-209
-208
-209
-213
-221
-234
-245
-251
-246
-228
-203
-183
-173
-175
-182
-189
-195
-202
-209
-217
-222
-224
-224
-227
-239
-263
-297
-332
-357
-368
-367
-362
-356
-352
-348
-345
-344
-349
-357
-367
-372
-368
-351
-324
-297
-280
-275
-277
-280
-282
-284
-287
-291
-292
-290
-286
-283
-287
-301
-329
-360
-385
-396
-394
-387
-379
-372
-366
-362
-359
-362
-370
-381
-391
-393
-383
-360
-332
-311
-299
-293
-287
-276
-259
-239
-213
-182
-141
-93
-41
11
56
91
121
155
204
268
341
418
492
565
636
704
765
818
864
905
947
994
1048
1101
1143
1166
1170
1162
1148
1128
1102
1070
1034
998
962
925
883
831
765
688
610
540
483
436
391
346
298
249
199
146
89
29
-29
-81
-121
-144
-155
-162
-175
-197
-222
-246
-266
-283
-300
-314
-324
-328
-328
-327
-331
-346
-373
-403
-427
-436
-434
-424
-414
-405
-398
-390
-385
-385
-389
-395
-399
-394
-377
-347
-313
-287
-271
-265
-261
-256
-250
-245
-241
-235
-227
-215
-204
-198
-202
-219
-244
-267
-277
-275
-263
-250
-238
-228
-217
-208
-204
-204
-207
-210
-207
-194
-166
-132
-103
-84
-77
-74
-72
-68
-65
-64
-62
-58
-51
-43
-39
-43
-61
-89
-119
-139
-145
-141
-133
-126
-120
-114
-109
-108
-111
-119
-128
-133
-129
-111
-83
-56
-39
-33
-35
-37
-38
-40
-44
-47
-49
-48
-45
-43
-49
-66
-96
-131
-159
-173
-175
-170
-165
-161
-157
-154
-152
-156
-164
-175
-183
-184
-172
-148
-121
-101
-93
-94
-98
-101
-103
-107
-111
-114
-115
-112
-109
-111
-124
-150
-183
-214
-232
-237
-232
-225
-220
-215
-211
-207
-208
-213
-221
-228
-230
-220
-196
-166
-139
-125
-120
-121
-121
-120
-120
-122
-122
-121
-116
-109
-106
-112
-130
-159
-188
-207
-213
-207
-197
-188
-179
-171
-163
-159
-159
-163
-167
-168
-159
-136
-103
-71
-49
-38
-34
-31
-27
-22
-20
-17
-13
-5
5
14
16
6
-16
-42
-62
-68
-61
-48
-34
-22
-10
2
12
17
17
15
15
23
44
76
112
140
157
164
168
173
179
183
187
192
200
210
221
227
222
204
179
156
146
149
160
174
187
198
210
219
225
226
224
222
226
241
269
304
335
354
363
366
370
375
379
381
384
389
397
406
412
409
393
366
338
319
315
321
332
342
351
359
367
372
372
369
364
363
372
395
427
459
480
490
493
495
498
501
502
504
507
513
522
530
531
520
496
468
447
438
442
453
464
474
483
491
497
498
495
489
486
490
506
535
566
590
602
604
604
605
607
607
607
607
611
618
625
627
620
598
569
543
529
528
535
545
552
559
565
569
570
565
557
550
548
557
581
610
636
650
654
652
651
651
650
648
646
646
650
655
657
650
630
600
568
547
539
542
549
555
560
565
569
570
566
558
549
544
549
568
596
624
642
648
647
645
645
644
643
640
640
644
649
653
651
637
611
581
558
548
550
560
569
578
585
592
597
596
591
583
577
579
593
619
647
668
678
677
674
672
670
667
663
660
660
663
666
664
651
625
592
562
544
539
543
549
553
556
559
559
555
547
534
522
516
521
539
564
584
593
591
584
577
571
564
555
546
540
537
535
529
514
487
449
410
381
366
361
361
360
357
354
350
343
330
313
295
281
276
285
303
321
329
325
314
301
290
279
266
253
242
234
228
221
207
182
144
102
67
46
38
36
36
34
32
29
24
14
0
-17
-32
-40
-34
-17
3
16
17
9
-2
-12
-21
-32
-44
-54
-61
-65
-69
-77
-96
-127
-166
-203
-226
-236
-238
-236
-236
-237
-238
-240
-247
-258
-272
-285
-293
-289
-272
-248
-229
-220
-223
-231
-238
-244
-251
-259
-267
-272
-274
-275
-279
-291
-315
-350
-386
-412
-423
-424
-420
-417
-414
-412
-411
-413
-419
-430
-442
-449
-447
-432
-407
-382
-367
-364
-367
-372
-375
-378
-382
-386
-388
-387
-383
-381
-386
-402
-430
-462
-486
-498
-496
-489
-480
-474
-467
-461
-457
-458
-464
-472
-478
-476
-461
-435
-405
-383
-373
-372
-374
-375
-376
-377
-379
-381
-378
-373
-368
-367
-377
-400
-430
-457
-472
-473
-466
-456
-447
-440
-432
-426
-425
-427
-434
-439
-439
-428
-403
-372
-345
-330
-325
-325
-325
-324
-324
-325
-325
-323
-318
-311
-308
-313
-330
-358
-387
-406
-412
-406
-396
-386
-378
-370
-363
-359
-360
-365
-371
-372
-365
-343
-313
-283
-263
-255
-255
-255
-254
-253
-253
-253
-252
-247
-240
-234
-235
-248
-273
-302
-325
-333
-330
-320
-309
-300
-291
-284
-279
-278
-283
-290
-295
-292
-277
-250
-220
-197
-187
-185
-186
-186
-185
-185
-186
-186
-183
-176
-169
-167
-175
-196
-225
-250
-264
-265
-257
-247
-239
-233
-226
-222
-222
-227
-236
-244
-247
-238
-216
-188
-164
-152
-150
-154
-157
-158
-161
-165
-169
-170
-168
-165
-165
-174
-196
-229
-262
-285
-295
-293
-288
-284
-280
-278
-276
-278
-285
-296
-308
-315
-313
-297
-271
-246
-231
-227
-230
-235
-237
-240
-244
-249
-251
-249
-246
-243
-248
-263
-291
-323
-348
-360
-359
-351
-343
-337
-331
-326
-323
-325
-332
-340
-346
-344
-329
-301
-271
-247
-234
-231
-229
-226
-222
-219
-215
-210
-201
-188
-174
-165
-165
-178
-197
-213
-216
-205
-185
-163
-142
-121
-101
-82
-68
-60
-55
-50
-39
-18
15
55
89
111
123
128
134
140
146
149
153
160
169
179
186
183
167
140
111
92
86
90
97
104
109
113
115
114
108
97
85
76
77
91
114
135
146
145
137
127
119
110
100
89
81
75
72
68
57
34
-1
-39
-71
-89
-94
-92
-90
-89
-88
-87
-90
-96
-108
-121
-133
-136
-127
-106
-82
-66
-62
-66
-74
-80
-86
-93
-100
-107
-109
-109
-108
-112
-126
-154
-188
-219
-238
-243
-239
-233
-228
-224
-221
-218
-220
-226
-236
-245
-248
-240
-218
-191
-167
-155
-153
-157
-160
-161
-164
-168
-171
-172
-169
-166
-165
-173
-194
-225
-256
-278
-285
-281
-273
-266
-260
-254
-249
-248
-252
-260
-269
-274
-270
-253
-226
-200
-184
-180
-184
-188
-191
-195
-200
-206
-209
-209
-206
-206
-212
-229
-259
-293
-320
-333
-334
-328
-322
-317
-313
-309
-308
-312
-321
-332
-342
-344
-334
-313
-289
-274
-271
-277
-286
-291
-294
-297
-297
-292
-280
-259
-233
-206
-183
-168
-155
-134
-98
-45
19
87
156
226
296
365
430
490
544
598
655
721
796
874
942
994
1029
1053
1071
1084
1089
1086
1076
1062
1045
1024
995
954
896
824
750
683
629
585
542
498
451
403
352
296
235
168
101
37
-16
-54
-80
-104
-135
-174
-217
-256
-290
-320
-347
-371
-391
-404
-412
-419
-431
-452
-483
-516
-540
-550
-547
-537
-527
-518
-510
-503
-498
-499
-505
-513
-519
-518
-503
-476
-445
-422
-409
-405
-402
-398
-392
-387
-382
-376
-366
-353
-341
-333
-335
-351
-375
-395
-404
-399
-387
-372
-359
-347
-336
-327
-322
-322
-326
-329
-326
-312
-284
-250
-220
-202
-193
-190
-186
-181
-177
-174
-171
-166
-157
-148
-142
-145
-161
-188
-216
-234
-238
-232
-221
-211
-203
-195
-187
-183
-183
-188
-193
-195
-186
-164
-133
-102
-81
-72
-69
-68
-64
-61
-60
-59
-56
-50
-41
-35
-36
-49
-74
-104
-127
-137
-134
-125
-116
-109
-102
-95
-91
-92
-97
-105
-110
-108
-92
-65
-35
-13
-3
-2
-4
-4
-4
-5
-7
-9
-7
-2
3
2
-10
-35
-67
-96
-113
-118
-113
-107
-102
-98
-94
-92
-93
-100
-109
-117
-120
-110
-87
-58
-33
-19
-16
-17
-18
-17
-17
-18
-19
-17
-12
-7
-4
-11
-30
-60
-91
-111
-118
-113
-105
-98
-91
-85
-81
-79
-82
-90
-98
-102
-96
-76
-46
-18
1
9
10
11
13
15
15
16
18
24
32
39
38
26
2
-26
-47
-54
-48
-37
-25
-14
-4
6
14
17
16
12
11
17
36
67
101
127
142
148
151
156
161
165
168
172
179
189
199
203
197
177
151
127
115
117
128
140
151
162
172
181
186
186
183
181
185
201
230
265
296
315
323
327
331
336
340
344
347
352
361
371
377
374
358
332
305
288
285
293
305
316
327
336
346
352
353
350
346
347
357
381
415
448
472
483
488
491
496
501
505
508
513
522
532
541
543
533
511
485
466
461
468
482
496
508
520
531
540
544
543
540
539
546
565
596
630
656
670
675
678
681
685
688
690
692
698
707
715
718
711
690
662
638
625
626
635
646
655
663
671
678
680
678
672
667
668
679
705
736
762
778
782
782
782
783
783
782
781
783
787
792
793
786
765
734
702
680
672
675
682
689
694
699
703
704
700
692
683
679
684
703
732
759
776
782
780
778
777
777
775
772
772
775
781
785
782
767
740
709
684
673
675
682
690
697
703
708
710
708
701
691
683
683
695
719
746
765
771
769
764
760
756
752
746
742
741
742
743
739
724
696
661
629
609
602
603
607
608
608
608
606
599
587
572
558
549
552
568
590
608
614
610
601
592
584
576
566
557
550
546
543
536
521
492
452
412
382
365
360
358
355
351
346
340
331
317
299
279
264
259
267
285
301
309
304
293
281
271
261
249
237
227
220
216
210
198
173
137
97
64
45
38
38
39
38
37
36
32
23
10
-5
-17
-22
-14
5
28
43
46
40
31
25
18
11
3
-4
-7
-7
-7
-12
-28
-56
-92
-124
-144
-150
-147
-142
-139
-137
-134
-134
-138
-146
-158
-170
-175
-168
-148
-122
-101
-91
-92
-97
-102
-106
-111
-117
-122
-126
-125
-124
-126
-137
-161
-195
-229
-253
-264
-263
-258
-254
-252
-250
-249
-251
-258
-269
-282
-290
-289
-274
-250
-227
-214
-212
-218
-224
-229
-234
-241
-248
-253
-254
-253
-254
-262
-281
-312
-346
-374
-387
-388
-383
-377
-372
-368
-365
-364
-368
-377
-388
-397
-397
-385
-362
-335
-317
-310
-312
-317
-321
-324
-328
-334
-338
-339
-337
-335
-338
-351
-377
-411
-440
-457
-460
-455
-448
-442
-437
-432
-428
-429
-435
-444
-452
-454
-446
-423
-395
-372
-359
-358
-361
-364
-365
-368
-371
-374
-375
-372
-368
-368
-376
-397
-428
-458
-479
-485
-480
-471
-462
-455
-448
-442
-439
-442
-449
-456
-460
-453
-433
-404
-376
-358
-351
-351
-352
-352
-352
-353
-354
-353
-349
-343
-338
-341
-354
-380
-410
-432
-440
-435
-424
-412
-402
-391
-382
-375
-373
-376
-381
-385
-380
-363
-335
-304
-281
-270
-269
-269
-269
-269
-269
-271
-271
-269
-263
-257
-257
-267
-289
-319
-345
-359
-359
-350
-339
-329
-321
-312
-305
-303
-305
-311
-317
-317
-305
-281
-251
-226
-212
-209
-211
-213
-214
-215
-218
-221
-222
-219
-215
-215
-223
-244
-276
-307
-328
-335
-331
-323
-316
-310
-304
-299
-297
-300
-307
-316
-320
-315
-296
-268
-242
-225
-220
-221
-224
-225
-227
-230
-233
-234
-231
-227
-224
-228
-243
-270
-300
-323
-333
-329
-319
-309
-300
-291
-283
-278
-277
-282
-289
-294
-291
-276
-249
-220
-199
-190
-190
-192
-193
-193
-194
-195
-195
-191
-183
-175
-172
-178
-196
-221
-242
-251
-245
-229
-212
-195
-179
-163
-148
-137
-130
-127
-124
-114
-92
-58
-18
18
42
55
64
72
81
89
95
101
109
120
132
140
139
125
101
77
63
63
74
89
102
114
126
135
141
141
135
128
125
129
147
173
197
211
212
206
199
193
186
177
168
161
157
155
151
140
117
81
43
11
-7
-12
-12
-11
-12
-14
-17
-22
-32
-47
-65
-80
-88
-83
-67
-47
-36
-37
-46
-57
-67
-77
-87
-97
-107
-112
-114
-116
-123
-140
-170
-206
-239
-260
-266
-264
-260
-258
-256
-255
-255
-259
-268
-280
-291
-296
-290
-271
-245
-225
-216
-217
-223
-229
-233
-238
-243
-249
-251
-249
-247
-247
-256
-278
-309
-340
-361
-368
-364
-356
-349
-342
-336
-331
-329
-332
-340
-348
-353
-347
-329
-302
-276
-260
-256
-259
-263
-265
-267
-270
-274
-275
-273
-269
-266
-270
-285
-312
-343
-366
-376
-373
-364
-355
-347
-340
-333
-329
-330
-336
-345
-351
-350
-336
-310
-283
-264
-256
-258
-262
-266
-269
-274
-279
-284
-285
-284
-283
-288
-304
-332
-367
-398
-414
-414
-402
-384
-361
-334
-300
-260
-217
-173
-126
-75
-13
62
153
252
347
432
507
578
649
720
789
856
921
986
1050
1109
1160
1195
1210
1207
1195
1185
1180
1177
1168
1150
1124
1092
1053
1006
951
888
822
759
704
662
629
594
548
490
425
359
294
229
163
97
35
-23
-76
-129
-186
-252
-326
-400
-463
-509
-540
-561
-580
-598
-614
-630
-645
-664
-685
-706
-723
-731
-725
-706
-684
-670
-666
-670
-676
-679
-681
-684
-686
-687
-683
-675
-667
-662
-667
-684
-707
-725
-731
-723
-706
-687
-670
-653
-637
-624
-614
-611
-611
-611
-605
-588
-558
-523
-493
-474
-466
-462
-457
-451
-446
-441
-436
-427
-415
-401
-390
-388
-399
-419
-439
-450
-446
-432
-415
-399
-385
-372
-360
-352
-349
-351
-355
-355
-345
-323
-292
-263
-245
-238
-238
-239
-238
-238
-238
-238
-235
-229
-220
-213
-211
-221
-242
-267
-284
-288
-279
-264
-249
-236
-224
-213
-205
-202
-205
-211
-215
-211
-195
-168
-140
-119
-111
-112
-115
-116
-117
-120
-122
-123
-120
-115
-109
-107
-116
-138
-166
-190
-201
-199
-189
-176
-166
-157
-148
-142
-140
-144
-153
-161
-163
-154
-133
-106
-85
-75
-76
-81
-86
-89
-93
-98
-102
-102
-99
-95
-93
-99
-118
-147
-175
-193
-196
-189
-178
-168
-160
-151
-145
-141
-144
-151
-159
-164
-159
-141
-114
-89
-74
-71
-75
-79
-81
-83
-87
-90
-91
-88
-82
-78
-81
-94
-120
-148
-168
-175
-169
-157
-144
-133
-122
-113
-106
-104
-107
-113
-117
-113
-97
-71
-42
-21
-13
-13
-16
-18
-19
-20
-22
-23
-19
-13
-6
-3
-11
-31
-57
-80
-89
-85
-72
-57
-44
-31
-19
-9
-3
-3
-7
-10
-8
5
31
63
89
104
107
106
106
106
106
106
106
110
117
126
131
129
114
89
65
52
52
64
79
94
108
121
132
140
143
141
137
138
147
170
202
231
250
258
259
259
260
262
262
262
265
272
281
289
291
281
260
237
220
218
228
245
262
278
292
306
318
324
325
323
324
332
352
383
416
440
451
454
454
456
458
458
459
461
467
476
485
489
484
466
442
422
416
423
439
456
473
488
502
514
522
525
523
522
527
543
571
604
632
647
652
652
652
654
654
653
653
657
663
671
676
672
656
630
605
591
592
603
617
631
644
656
667
674
676
673
670
670
679
701
732
761
779
785
784
782
782
781
779
777
777
781
787
792
790
777
752
724
704
699
706
718
731
743
753
763
769
771
767
761
756
758
773
798
824
842
847
843
836
830
825
818
811
805
803
803
804
799
785
757
723
693
675
671
675
681
685
688
691
691
686
676
662
648
639
641
656
675
689
691
683
669
656
644
631
617
604
593
587
581
572
554
524
484
444
415
400
396
395
394
392
388
384
375
361
342
322
306
299
305
319
332
334
324
308
290
275
259
242
225
210
200
192
182
166
139
100
59
26
7
1
1
1
0
-2
-4
-9
-18
-33
-49
-64
-71
-65
-49
-30
-20
-22
-33
-46
-58
-69
-81
-93
-104
-111
-114
-117
-124
-142
-172
-208
-239
-258
-263
-259
-254
-250
-246
-243
-242
-245
-253
-265
-276
-281
-275
-256
-232
-214
-207
-210
-218
-225
-231
-238
-246
-253
-256
-256
-255
-257
-267
-289
-320
-351
-371
-376
-371
-362
-354
-346
-340
-334
-332
-335
-343
-351
-356
-351
-333
-307
-283
-270
-269
-275
-282
-287
-294
-301
-308
-314
-315
-314
-314
-321
-339
-369
-401
-426
-436
-434
-425
-416
-408
-401
-394
-391
-392
-399
-408
-415
-415
-403
-379
-354
-337
-332
-337
-343
-348
-352
-358
-363
-367
-367
-364
-360
-362
-373
-396
-426
-451
-464
-462
-452
-440
-430
-420
-411
-404
-402
-405
-412
-419
-419
-409
-386
-358
-335
-324
-324
-329
-332
-335
-339
-344
-348
-348
-346
-341
-341
-348
-368
-397
-426
-444
-447
-440
-429
-419
-410
-402
-396
-393
-395
-402
-410
-414
-409
-391
-365
-340
-326
-324
-329
-335
-339
-344
-350
-356
-360
-359
-356
-355
-360
-377
-405
-436
-459
-467
-463
-453
-443
-434
-426
-419
-415
-416
-422
-430
-436
-435
-421
-396
-369
-352
-347
-351
-357
-362
-367
-373
-379
-383
-384
-382
-380
-382
-394
-418
-449
-475
-488
-488
-479
-468
-458
-449
-440
-433
-431
-434
-441
-447
-447
-437
-413
-385
-363
-353
-353
-358
-363
-367
-371
-377
-382
-385
-383
-381
-382
-391
-413
-444
-474
-493
-497
-491
-481
-472
-464
-456
-449
-446
-448
-455
-462
-466
-461
-442
-415
-391
-377
-374
-379
-384
-388
-392
-398
-403
-406
-405
-402
-400
-404
-420
-448
-477
-498
-505
-500
-488
-476
-466
-455
-446
-438
-436
-439
-445
-448
-444
-428
-400
-372
-352
-345
-346
-350
-353
-356
-359
-364
-366
-365
-361
-356
-356
-366
-389
-417
-440
-449
-445
-432
-417
-403
-389
-376
-364
-357
-355
-355
-355
-348
-329
-298
-260
-228
-208
-198
-192
-185
-178
-171
-164
-157
-148
-135
-121
-111
-110
-122
-144
-165
-176
-174
-160
-144
-129
-115
-102
-90
-82
-79
-82
-86
-86
-78
-56
-27
0
15
18
14
8
4
-2
-9
-16
-21
-23
-23
-25
-34
-55
-88
-123
-151
-166
-168
-165
-162
-160
-160
-160
-164
-173
-187
-204
-219
-226
-220
-204
-187
-177
-180
-192
-206
-218
-230
-243
-255
-266
-274
-277
-280
-288
-306
-337
-373
-405
-424
-429
-426
-421
-417
-415
-412
-412
-416
-425
-437
-449
-454
-448
-429
-405
-387
-380
-383
-391
-398
-403
-410
-417
-423
-425
-424
-421
-421
-429
-450
-480
-508
-526
-529
-521
-510
-499
-490
-482
-474
-471
-472
-479
-486
-489
-482
-462
-434
-409
-394
-391
-394
-398
-400
-403
-406
-410
-411
-408
-403
-400
-403
-418
-444
-473
-493
-499
-493
-481
-469
-458
-448
-439
-432
-431
-435
-441
-444
-440
-424
-397
-369
-350
-342
-344
-347
-349
-350
-353
-356
-356
-354
-347
-341
-340
-350
-372
-400
-424
-435
-434
-424
-413
-404
-397
-391
-386
-385
-386
-388
-384
-369
-337
-284
-219
-152
-89
-30
30
95
164
236
309
384
464
549
635
717
790
848
895
941
994
1055
1122
1185
1239
1284
1319
1343
1353
1348
1329
1299
1265
1233
1207
1183
1153
1109
1051
983
914
844
774
703
632
563
498
436
372
302
220
128
34
-50
-119
-173
-220
-263
-305
-344
-380
-416
-453
-492
-529
-562
-583
-590
-584
-574
-570
-577
-589
-602
-612
-621
-629
-637
-643
-644
-641
-637
-638
-649
-672
-700
-723
-732
-727
-713
-697
-681
-666
-651
-637
-628
-623
-622
-620
-612
-592
-561
-525
-494
-476
-469
-467
-464
-461
-458
-457
-455
-450
-442
-432
-426
-428
-443
-466
-487
-498
-494
-479
-461
-444
-428
-413
-398
-388
-383
-382
-383
-379
-366
-341
-307
-277
-257
-250
-249
-250
-249
-248
-248
-249
-247
-241
-233
-227
-227
-239
-262
-287
-303
-306
-296
-281
-265
-251
-237
-225
-216
-212
-213
-217
-219
-213
-194
-165
-135
-113
-104
-104
-106
-107
-107
-109
-110
-110
-105
-97
-89
-85
-91
-110
-135
-155
-162
-156
-141
-125
-111
-98
-85
-75
-70
-70
-74
-78
-75
-62
-36
-6
18
30
31
29
26
25
23
20
17
18
23
28
31
24
5
-23
-49
-65
-66
-57
-45
-33
-23
-13
-5
-1
-2
-7
-14
-17
-10
10
38
63
77
80
76
72
69
65
61
56
55
57
61
64
60
44
18
-11
-31
-37
-30
-18
-5
7
18
28
35
37
34
28
25
29
45
72
100
119
126
124
121
118
116
113
110
108
111
117
122
123
114
92
65
44
35
41
54
69
83
95
107
117
122
121
117
114
117
130
156
187
212
224
226
224
223
223
222
220
219
222
228
236
240
236
219
194
170
157
158
170
185
199
212
224
235
243
244
241
237
237
247
269
300
328
345
351
350
349
349
349
348
347
349
355
363
370
370
359
337
313
297
296
307
323
340
355
370
384
394
399
399
396
396
403
422
452
483
506
516
518
517
518
519
519
519
520
526
535
544
548
542
523
499
480
474
482
498
515
531
546
560
572
579
580
578
576
580
596
624
656
683
697
701
701
701
702
703
702
702
705
712
720
725
721
705
680
656
644
646
658
673
688
701
713
724
731
731
727
723
722
731
752
782
809
825
829
827
824
823
821
819
816
816
820
826
830
828
814
789
762
743
738
745
757
770
782
792
801
808
808
804
796
791
794
809
834
859
876
880
876
870
865
860
855
848
844
843
846
848
845
832
806
775
749
736
736
744
754
762
768
774
777
775
767
756
745
740
746
764
786
802
806
799
789
778
769
758
747
736
728
724
721
715
700
672
635
599
575
564
564
567
569
569
568
566
560
548
532
514
501
497
506
522
536
538
528
511
494
478
462
444
426
411
400
391
380
363
334
294
253
220
201
195
194
194
193
191
188
183
172
156
137
121
113
117
132
147
154
148
134
119
105
92
78
64
53
45
41
36
28
9
-22
-57
-88
-105
-108
-103
-97
-91
-87
-83
-81
-84
-92
-103
-113
-118
-111
-92
-68
-50
-45
-50
-59
-67
-74
-81
-90
-97
-100
-100
-98
-99
-109
-132
-163
-191
-209
-213
-206
-196
-186
-178
-171
-164
-162
-165
-172
-179
-183
-177
-158
-132
-108
-95
-94
-100
-105
-110
-114
-120
-125
-127
-126
-122
-119
-124
-140
-167
-195
-215
-221
-215
-202
-190
-179
-169
-159
-153
-153
-157
-164
-169
-166
-151
-126
-100
-83
-79
-84
-91
-97
-102
-108
-115
-120
-121
-119
-117
-120
-134
-160
-191
-217
-230
-230
-221
-211
-202
-194
-187
-182
-182
-187
-196
-204
-207
-198
-176
-151
-131
-124
-127
-135
-141
-146
-153
-159
-165
-167
-164
-161
-161
-170
-191
-221
-249
-265
-267
-259
-248
-238
-230
-221
-215
-212
-215
-223
-231
-235
-228
-209
-183
-159
-147
-146
-152
-158
-163
-168
-175
-181
-185
-185
-183
-182
-189
-207
-236
-266
-288
-296
-292
-282
-272
-263
-255
-248
-244
-245
-251
-260
-266
-264
-250
-225
-200
-183
-179
-183
-189
-193
-197
-202
-207
-210
-209
-205
-201
-202
-213
-236
-264
-288
-297
-294
-283
-270
-258
-248
-239
-231
-228
-231
-237
-242
-241
-229
-204
-175
-153
-142
-142
-145
-148
-149
-151
-154
-156
-155
-149
-143
-140
-146
-165
-191
-216
-230
-230
-219
-205
-192
-180
-168
-159
-153
-152
-157
-161
-162
-153
-131
-101
-75
-59
-55
-58
-60
-62
-64
-67
-69
-69
-65
-58
-53
-54
-68
-92
-119
-137
-140
-132
-119
-105
-93
-82
-72
-65
-64
-68
-75
-79
-76
-60
-34
-8
10
16
14
10
9
8
8
8
10
18
29
40
46
43
28
8
-7
-9
3
22
43
61
79
95
109
118
121
120
119
124
139
167
198
222
234
236
233
230
228
224
219
215
214
216
219
218
208
185
154
125
108
105
111
121
130
138
145
150
151
146
137
127
122
126
144
169
191
202
202
195
189
183
177
170
163
159
159
161
162
156
137
108
77
55
47
51
60
69
77
84
90
93
90
83
73
66
66
80
104
128
142
145
139
132
125
119
112
104
99
97
98
98
94
79
52
20
-7
-21
-21
-14
-5
3
9
15
19
18
11
1
-8
-11
-2
18
43
62
68
64
56
49
43
37
30
23
20
20
22
20
9
-15
-47
-78
-97
-101
-96
-87
-80
-74
-68
-63
-63
-68
-77
-87
-93
-89
-72
-48
-26
-16
-18
-25
-33
-40
-48
-56
-64
-70
-71
-71
-72
-81
-101
-132
-164
-188
-197
-194
-185
-176
-169
-161
-155
-152
-154
-161
-170
-177
-175
-160
-136
-111
-95
-92
-98
-105
-112
-119
-127
-135
-142
-146
-147
-148
-153
-167
-190
-216
-233
-233
-214
-182
-143
-99
-50
4
61
116
170
223
279
343
420
510
605
694
770
835
895
955
1013
1067
1117
1165
1210
1254
1293
1322
1335
1327
1304
1275
1250
1232
1218
1201
1178
1150
1118
1082
1039
990
934
877
823
778
745
719
689
647
593
533
473
415
358
302
247
199
157
120
85
45
-2
-58
-112
-155
-181
-194
-199
-202
-205
-207
-207
-210
-216
-226
-238
-247
-247
-233
-210
-185
-170
-166
-170
-175
-178
-181
-183
-186
-185
-180
-172
-163
-159
-166
-184
-208
-226
-231
-224
-208
-192
-178
-165
-152
-143
-139
-140
-146
-151
-150
-137
-113
-84
-61
-50
-50
-53
-55
-55
-57
-59
-60
-58
-52
-45
-41
-47
-66
-93
-119
-134
-134
-126
-114
-104
-96
-88
-82
-80
-84
-93
-102
-107
-101
-83
-57
-33
-21
-19
-23
-27
-29
-32
-35
-38
-38
-34
-27
-22
-25
-40
-66
-93
-112
-117
-111
-99
-87
-77
-68
-60
-56
-57
-62
-70
-75
-72
-56
-30
-3
14
19
16
11
8
5
2
-2
-3
-1
4
8
7
-4
-28
-58
-82
-93
-91
-82
-72
-64
-57
-51
-47
-48
-54
-63
-72
-74
-64
-42
-16
3
11
9
4
-1
-4
-7
-11
-14
-14
-10
-5
-3
-10
-31
-59
-86
-101
-103
-95
-83
-73
-64
-56
-49
-45
-48
-54
-61
-63
-55
-33
-5
21
35
39
36
34
32
31
29
27
29
34
41
47
45
31
7
-19
-37
-40
-32
-18
-4
8
20
30
38
40
38
34
33
41
62
93
125
147
158
161
162
164
167
169
171
174
181
192
201
206
200
181
157
139
134
142
157
174
188
202
215
225
231
231
229
227
232
249
278
311
338
353
357
358
360
363
365
366
368
373
382
392
397
394
378
354
331
320
323
335
351
365
378
390
401
407
409
406
403
404
416
441
474
503
521
527
527
527
527
528
527
526
528
534
541
546
543
529
503
476
457
453
460
473
486
497
508
518
525
527
524
519
518
524
544
573
603
623
631
630
628
627
626
624
621
621
624
630
636
636
625
602
574
551
542
546
557
569
580
590
599
605
607
604
598
592
594
607
632
661
684
694
695
691
689
687
684
681
678
679
683
689
690
682
662
632
606
590
588
596
608
618
626
634
641
643
640
634
626
624
632
653
681
706
720
722
719
715
713
710
707
703
702
705
710
713
708
691
664
635
616
610
616
627
639
648
658
666
672
672
667
661
657
661
679
706
734
752
758
755
751
748
745
741
737
735
736
740
742
739
726
699
668
641
629
629
636
645
652
658
663
665
663
655
644
633
629
637
656
680
696
700
694
684
675
666
656
646
636
629
626
624
617
602
573
536
501
478
468
469
472
473
474
474
473
468
457
441
425
414
412
423
442
457
460
452
438
424
411
397
382
367
354
346
339
330
313
285
246
206
174
157
152
152
152
151
149
146
140
130
114
97
83
77
85
102
120
128
125
113
99
87
75
61
48
37
29
25
20
9
-12
-45
-83
-116
-135
-140
-138
-136
-134
-133
-133
-136
-143
-155
-170
-184
-191
-186
-169
-148
-133
-131
-139
-151
-161
-170
-180
-191
-200
-206
-208
-209
-214
-228
-254
-288
-321
-341
-348
-345
-339
-333
-330
-326
-324
-325
-333
-344
-356
-363
-359
-343
-319
-299
-290
-292
-300
-307
-314
-320
-328
-334
-339
-339
-337
-337
-344
-363
-393
-424
-446
-453
-448
-439
-429
-421
-414
-408
-404
-406
-413
-422
-428
-425
-409
-383
-357
-341
-336
-340
-345
-349
-352
-357
-361
-363
-362
-357
-353
-355
-366
-390
-419
-442
-452
-448
-437
-424
-414
-404
-395
-388
-385
-389
-395
-400
-398
-385
-360
-331
-309
-299
-299
-302
-305
-306
-308
-310
-311
-309
-303
-296
-292
-298
-316
-342
-365
-377
-375
-363
-348
-335
-323
-311
-301
-296
-296
-300
-305
-305
-294
-271
-241
-214
-199
-196
-198
-200
-201
-203
-206
-208
-208
-203
-197
-192
-195
-211
-236
-263
-281
-285
-278
-265
-253
-241
-231
-221
-215
-213
-216
-222
-224
-218
-199
-170
-141
-122
-115
-116
-119
-121
-123
-126
-129
-131
-128
-123
-119
-121
-133
-158
-187
-211
-222
-219
-209
-198
-190
-182
-175
-171
-171
-178
-187
-196
-197
-188
-166
-141
-123
-117
-121
-129
-135
-140
-146
-153
-158
-160
-158
-155
-156
-167
-190
-221
-251
-268
-272
-266
-257
-250
-244
-238
-235
-236
-242
-252
-263
-270
-265
-248
-224
-203
-193
-194
-202
-209
-215
-221
-228
-235
-239
-239
-237
-238
-246
-265
-295
-326
-348
-356
-352
-342
-333
-325
-318
-312
-308
-310
-316
-323
-328
-323
-306
-279
-251
-233
-227
-228
-231
-232
-233
-236
-238
-239
-236
-230
-224
-225
-235
-259
-287
-308
-317
-312
-300
-287
-275
-264
-253
-244
-239
-238
-240
-239
-231
-211
-178
-140
-109
-90
-80
-73
-64
-54
-45
-37
-27
-14
2
20
33
37
27
9
-8
-13
-5
12
31
48
64
79
91
99
100
97
94
95
105
129
158
184
198
200
197
193
190
187
182
178
176
177
180
181
174
154
124
93
70
62
65
72
80
86
91
95
95
90
81
69
60
59
71
93
114
126
125
116
106
98
89
79
69
62
58
57
55
48
29
-1
-37
-66
-82
-86
-82
-77
-74
-71
-70
-72
-78
-89
-103
-116
-123
-117
-99
-78
-64
-62
-69
-80
-89
-97
-107
-116
-124
-129
-129
-130
-134
-147
-172
-206
-237
-256
-262
-257
-250
-244
-240
-235
-233
-234
-241
-252
-263
-269
-264
-247
-222
-201
-191
-192
-198
-205
-210
-216
-222
-228
-231
-230
-227
-227
-234
-253
-283
-314
-335
-343
-339
-330
-321
-314
-308
-302
-300
-302
-310
-319
-325
-322
-307
-281
-256
-241
-238
-243
-249
-254
-259
-265
-272
-275
-275
-273
-272
-276
-291
-318
-350
-375
-387
-386
-378
-369
-362
-355
-350
-346
-349
-356
-367
-377
-381
-373
-353
-330
-315
-312
-316
-322
-325
-325
-321
-315
-302
-281
-251
-216
-179
-147
-123
-104
-78
-38
18
86
158
230
302
374
443
508
565
617
666
717
774
841
909
967
1008
1032
1044
1050
1049
1042
1026
1005
981
957
929
896
853
794
723
649
584
530
486
446
404
358
311
261
207
147
83
18
-43
-94
-128
-150
-169
-195
-229
-266
-302
-332
-358
-384
-406
-425
-437
-444
-449
-459
-477
-506
-539
-564
-576
-575
-567
-557
-549
-542
-535
-532
-533
-539
-547
-554
-553
-540
-514
-484
-460
-448
-444
-444
-441
-437
-434
-432
-428
-420
-410
-399
-392
-395
-411
-435
-456
-467
-464
-452
-437
-423
-411
-400
-391
-386
-386
-390
-395
-394
-383
-359
-327
-299
-282
-276
-276
-275
-274
-273
-273
-273
-269
-263
-255
-249
-252
-267
-293
-320
-339
-344
-337
-326
-316
-307
-299
-292
-287
-288
-293
-299
-303
-297
-278
-250
-221
-203
-196
-198
-200
-202
-203
-206
-210
-211
-209
-205
-203
-207
-221
-248
-280
-305
-317
-317
-309
-300
-293
-287
-281
-278
-279
-285
-294
-302
-302
-291
-267
-240
-221
-213
-215
-220
-224
-227
-231
-236
-240
-241
-238
-235
-237
-248
-272
-305
-335
-353
-357
-352
-344
-337
-331
-325
-321
-320
-325
-333
-341
-343
-335
-313
-285
-260
-246
-244
-246
-249
-251
-253
-257
-260
-261
-258
-253
-251
-257
-275
-304
-334
-354
-361
-355
-345
-335
-326
-316
-308
-303
-302
-305
-309
-310
-301
-280
-249
-217
-196
-186
-183
-182
-179
-177
-175
-174
-170
-163
-153
-144
-141
-149
-169
-194
-212
-218
-210
-195
-179
-164
-150
-137
-127
-121
-120
-122
-123
-116
-97
-66
-31
-4
12
18
21
24
29
32
35
39
47
58
69
75
73
57
33
12
2
6
20
36
51
64
77
89
96
98
96
95
98
112
140
174
205
224
233
236
239
243
246
248
250
254
263
272
279
279
265
242
217
201
200
210
224
238
251
263
274
282
285
284
281
282
292
315
347
379
401
411
413
414
416
418
419
419
421
427
434
441
441
431
408
380
359
351
356
368
381
392
403
413
421
423
421
416
412
415
430
456
486
507
517
517
514
511
509
506
502
499
500
504
509
510
501
479
450
423
409
408
416
427
436
445
452
458
460
456
449
441
438
446
467
495
519
531
533
528
524
521
517
512
508
507
509
512
514
507
488
459
429
408
403
408
418
428
437
446
453
457
457
451
444
441
447
466
494
523
541
548
547
545
544
543
540
538
537
540
545
550
549
536
512
483
460
451
454
465
476
486
495
503
508
509
505
498
492
494
507
532
560
580
588
586
581
577
574
569
563
558
558
560
562
561
549
525
494
465
448
444
450
458
464
469
474
476
475
468
457
446
440
445
462
486
506
513
510
502
493
485
476
465
456
448
444
442
437
424
398
361
323
294
280
276
277
276
275
272
269
263
251
234
217
202
196
204
220
236
242
237
223
208
195
181
166
151
138
128
121
114
100
75
38
-3
-38
-59
-67
-69
-69
-70
-73
-77
-82
-92
-108
-126
-142
-151
-148
-132
-113
-102
-102
-112
-125
-136
-147
-158
-170
-181
-188
-192
-196
-203
-220
-250
-287
-321
-344
-351
-349
-345
-343
-340
-337
-336
-339
-348
-359
-371
-376
-371
-353
-328
-306
-295
-297
-303
-309
-313
-318
-325
-331
-334
-334
-331
-333
-342
-363
-395
-428
-450
-459
-457
-450
-442
-436
-431
-427
-425
-428
-436
-445
-450
-447
-430
-403
-378
-362
-359
-363
-368
-372
-376
-381
-386
-389
-388
-385
-383
-387
-401
-428
-459
-483
-493
-490
-479
-468
-458
-449
-440
-434
-433
-437
-443
-448
-445
-430
-404
-375
-353
-343
-342
-344
-346
-346
-348
-350
-350
-348
-342
-335
-333
-340
-360
-388
-412
-424
-422
-411
-398
-385
-374
-364
-355
-349
-350
-353
-357
-355
-343
-317
-285
-258
-242
-237
-237
-236
-235
-234
-235
-235
-232
-226
-218
-213
-216
-231
-256
-282
-298
-300
-290
-275
-261
-248
-235
-223
-214
-211
-212
-214
-213
-203
-179
-147
-115
-93
-83
-81
-81
-78
-76
-76
-75
-72
-66
-57
-50
-48
-58
-81
-107
-127
-134
-128
-115
-102
-91
-81
-71
-64
-62
-65
-70
-75
-72
-57
-30
-1
21
30
30
27
26
24
21
18
16
17
21
26
26
16
-7
-38
-65
-81
-84
-77
-68
-61
-55
-49
-46
-46
-52
-62
-71
-75
-68
-48
-22
0
10
9
3
-3
-8
-14
-20
-26
-30
-29
-27
-29
-38
-60
-92
-124
-147
-156
-153
-146
-139
-133
-127
-123
-121
-124
-132
-141
-146
-141
-123
-95
-68
-51
-46
-48
-51
-53
-55
-58
-61
-62
-60
-55
-51
-53
-66
-92
-121
-143
-151
-147
-136
-124
-113
-104
-94
-88
-86
-88
-94
-97
-94
-78
-50
-19
4
16
19
19
21
23
26
28
31
39
49
60
67
66
52
31
14
10
20
40
63
86
109
131
152
169
181
189
197
211
235
273
317
357
385
401
413
424
436
445
454
462
473
486
502
514
517
508
488
468
457
459
472
489
504
516
528
537
542
541
534
526
520
522
538
562
585
597
598
590
580
572
563
553
542
533
529
526
522
512
491
457
419
388
371
365
366
368
369
368
365
361
352
337
320
305
297
301
317
336
347
346
335
322
311
301
289
277
267
260
256
253
246
229
199
162
128
107
99
101
105
108
110
112
112
108
98
85
73
66
70
87
110
129
137
134
125
117
110
103
94
86
81
80
80
77
67
43
10
-24
-48
-58
-56
-50
-45
-40
-36
-33
-33
-37
-47
-57
-64
-62
-46
-21
3
17
19
14
8
3
-1
-7
-13
-16
-15
-13
-11
-16
-32
-60
-92
-117
-129
-128
-120
-112
-106
-99
-94
-92
-95
-103
-114
-123
-125
-115
-93
-69
-53
-49
-55
-63
-71
-78
-87
-97
-106
-111
-113
-112
-114
-124
-143
-167
-183
-182
-162
-128
-86
-41
8
61
115
168
217
265
315
372
441
523
612
696
769
829
884
937
988
1036
1078
1117
1153
1188
1217
1238
1243
1228
1196
1156
1119
1090
1066
1043
1014
981
944
903
857
805
746
686
628
578
540
511
480
439
386
327
267
210
156
103
54
10
-26
-56
-84
-114
-153
-200
-249
-288
-312
-321
-322
-320
-319
-316
-313
-312
-315
-323
-333
-341
-342
-330
-306
-280
-260
-252
-253
-256
-257
-257
-257
-256
-253
-245
-233
-220
-210
-210
-222
-240
-256
-259
-248
-229
-208
-189
-172
-156
-142
-133
-130
-132
-133
-129
-115
-88
-55
-26
-9
-3
-1
2
6
10
13
17
24
34
47
57
59
48
28
7
-3
0
14
32
49
64
79
92
101
104
102
99
99
108
129
160
189
208
216
216
215
216
217
217
217
220
227
236
244
246
237
215
190
171
166
173
187
200
212
223
232
238
239
233
225
217
217
229
251
276
293
298
293
286
280
274
268
261
256
255
257
259
257
245
220
188
160
144
142
148
156
163
169
173
176
174
166
154
142
136
141
158
181
199
206
202
194
186
180
173
165
159
156
157
160
160
152
132
103
73
55
49
56
67
77
86
95
103
106
104
97
89
85
89
107
133
158
172
175
171
165
161
158
153
149
147
150
156
160
159
146
123
95
76
70
77
91
105
118
130
142
150
154
152
147
144
148
164
192
222
244
254
254
253
252
252
252
251
253
258
267
277
282
279
262
240
221
214
222
238
256
272
288
303
315
323
325
324
322
325
339
366
398
425
441
446
447
448
450
452
453
455
461
470
481
489
489
477
455
433
421
424
437
455
473
488
504
518
528
533
533
532
534
545
569
602
633
653
662
664
664
666
669
670
671
675
683
694
704
708
701
682
659
645
644
655
674
692
709
725
740
752
759
760
758
758
764
783
813
845
869
880
882
882
883
885
886
886
889
895
905
915
921
918
901
879
860
853
860
876
894
910
925
939
951
958
959
956
953
956
969
994
1025
1052
1066
1070
1068
1067
1067
1066
1064
1063
1065
1070
1077
1081
1077
1061
1035
1009
993
991
1000
1013
1025
1036
1046
1054
1059
1058
1051
1044
1040
1045
1062
1088
1113
1127
1130
1125
1120
1116
1112
1107
1103
1101
1103
1108
1112
1110
1097
1072
1044
1024
1018
1025
1038
1051
1063
1074
1084
1091
1093
1089
1082
1077
1078
1091
1116
1141
1159
1164
1160
1153
1147
1142
1136
1129
1124
1122
1124
1127
1124
1113
1088
1057
1031
1017
1016
1025
1035
1044
1052
1060
1064
1064
1058
1048
1038
1033
1039
1056
1079
1097
1102
1096
1086
1075
1066
1056
1045
1035
1028
1025
1023
1018
1005
980
946
912
888
878
879
884
888
890
892
892
888
879
865
848
836
832
841
858
873
878
870
856
841
827
813
798
784
771
763
757
750
736
712
676
638
607
590
587
589
593
594
595
595
592
585
571
555
540
533
538
554
572
582
580
568
555
542
531
518
506
496
490
488
487
482
467
440
407
379
363
362
370
380
388
396
403
408
409
403
394
384
380
387
406
431
451
459
456
448
441
435
429
422
416
413
414
417
418
410
390
360
332
314
310
318
329
340
349
358
366
370
369
362
355
351
355
373
399
422
436
437
431
425
419
414
407
401
397
397
400
401
397
382
355
325
303
295
300
311
323
333
342
350
354
353
347
337
329
329
340
361
385
400
403
396
387
379
372
364
355
348
345
346
347
344
332
307
276
250
237
238
248
260
270
280
290
297
300
298
292
286
286
296
319
347
370
380
380
375
371
367
363
358
354
353
356
361
363
356
338
310
283
266
264
273
286
298
308
318
327
332
331
326
319
316
321
339
366
390
403
405
399
393
387
381
374
367
363
363
366
367
362
346
319
289
268
260
265
277
289
300
310
318
324
324
319
310
304
304
317
340
364
380
384
378
370
364
357
349
341
335
333
334
336
333
321
295
265
238
225
225
233
244
254
262
269
275
275
269
259
249
245
251
270
293
311
317
312
302
293
285
276
267
259
254
252
252
250
239
216
183
152
132
126
130
139
146
152
157
161
161
156
145
134
126
127
141
163
183
192
190
181
171
162
154
144
135
128
126
127
126
120
102
74
44
22
15
20
31
43
54
64
73
79
79
75
67
61
62
74
98
123
139
143
138
130
124
118
112
105
101
101
105
110
111
103
83
58
37
30
38
54
73
90
107
125
140
152
159
161
165
174
194
227
264
296
316
325
330
335
341
346
350
354
362
373
385
393
393
380
358
336
325
328
342
359
376
391
406
420
429
432
430
425
424
430
449
475
498
510
509
500
490
481
472
461
450
442
437
435
431
421
399
365
329
300
285
283
286
290
291
292
292
288
279
265
248
232
225
229
244
261
270
266
254
240
228
217
205
193
184
178
177
176
171
157
130
98
70
56
56
63
73
82
89
96
101
101
95
85
76
73
80
100
124
144
151
147
140
133
128
122
116
111
109
111
116
117
111
93
66
40
25
25
35
49
62
73
84
94
99
98
92
85
82
87
106
132
157
171
173
169
164
161
158
154
150
149
153
160
165
164
152
129
103
86
83
92
107
122
135
148
159
166
169
165
159
155
158
173
198
225
243
248
244
238
234
230
225
220
217
217
221
224
222
211
186
156
129
116
116
126
139
153
169
188
210
233
257
284
318
364
426
505
592
676
750
816
879
944
1012
1079
1145
1212
1280
1351
1421
1485
1537
1572
1591
1606
1624
1648
1675
1697
1709
1712
1705
1689
1662
1623
1575
1521
1468
1422
1386
1356
1322
1277
1219
1155
1090
1025
961
895
830
768
710
656
602
543
475
399
324
260
214
184
164
148
133
120
109
96
81
62
42
26
21
29
49
72
87
91
87
82
79
77
74
72
72
77
86
95
101
97
82
62
48
48
61
84
109
132
155
176
196
210
218
222
225
234
254
285
321
350
368
375
378
382
388
392
397
402
411
425
440
453
458
451
436
422
420
433
456
483
509
533
557
579
597
609
616
621
630
647
677
715
750
774
787
793
799
806
814
821
828
838
853
870
887
897
895
883
869
863
872
893
919
946
971
995
1017
1036
1048
1054
1057
1062
1073
1097
1130
1164
1189
1201
1205
1206
1208
1210
1211
1213
1216
1223
1233
1244
1250
1246
1229
1208
1191
1187
1196
1214
1232
1249
1264
1277
1288
1292
1290
1283
1275
1272
1280
1299
1323
1340
1344
1338
1327
1316
1306
1296
1284
1274
1267
1264
1262
1256
1243
1217
1182
1149
1127
1119
1122
1127
1132
1134
1136
1136
1131
1120
1103
1085
1070
1063
1069
1083
1093
1093
1080
1061
1041
1023
1005
985
967
951
940
932
923
907
881
844
805
775
759
755
758
761
762
762
761
756
746
729
709
691
680
681
691
703
705
695
677
656
637
618
599
579
560
546
535
525
509
484
446
402
364
338
326
322
318
314
307
300
290
274
253
228
203
184
176
180
189
193
184
166
144
124
105
86
68
52
40
32
27
19
4
-23
-58
-91
-112
-118
-113
-104
-95
-87
-79
-73
-71
-74
-81
-90
-93
-87
-68
-41
-15
-1
3
0
-2
-2
-2
-3
-2
2
10
22
32
37
30
13
-6
-15
-10
7
30
54
75
96
116
131
141
145
147
150
160
182
215
249
273
285
289
291
294
297
300
303
307
316
329
341
348
346
331
310
294
292
302
320
339
356
372
387
399
406
406
403
399
401
413
438
466
488
498
498
493
489
486
482
478
475
476
481
487
489
484
465
439
414
400
400
410
423
435
446
456
464
467
465
457
448
442
446
463
486
508
518
516
508
500
493
486
478
470
466
465
468
469
463
445
417
386
364
356
360
370
379
387
393
398
399
395
385
372
360
357
365
384
403
413
410
399
387
375
365
353
342
332
327
324
321
314
296
265
229
199
181
176
179
183
185
186
186
184
176
161
143
125
113
111
122
137
145
141
127
109
91
75
58
40
24
11
2
-5
-17
-37
-70
-111
-151
-180
-195
-201
-204
-208
-215
-222
-232
-246
-266
-292
-319
-342
-356
-358
-352
-350
-359
-380
-407
-435
-462
-489
-517
-544
-568
-589
-606
-625
-651
-688
-736
-785
-826
-852
-866
-875
-882
-892
-901
-912
-926
-945
-969
-995
-1019
-1035
-1038
-1031
-1024
-1025
-1038
-1059
-1082
-1104
-1124
-1146
-1167
-1186
-1200
-1211
-1221
-1236
-1260
-1296
-1337
-1372
-1394
-1401
-1401
-1399
-1398
-1398
-1399
-1401
-1409
-1422
-1438
-1454
-1464
-1462
-1448
-1430
-1419
-1419
-1429
-1443
-1455
-1467
-1479
-1491
-1502
-1509
-1512
-1513
-1518
-1531
-1555
-1588
-1619
-1638
-1643
-1637
-1628
-1620
-1614
-1607
-1603
-1602
-1608
-1618
-1629
-1636
-1633
-1618
-1595
-1574
-1565
-1568
-1577
-1586
-1594
-1602
-1611
-1619
-1624
-1626
-1625
-1626
-1633
-1652
-1682
-1712
-1734
-1741
-1736
-1726
-1715
-1705
-1697
-1689
-1685
-1687
-1694
-1703
-1711
-1711
-1699
-1677
-1655
-1641
-1640
-1647
-1656
-1663
-1669
-1677
-1684
-1689
-1690
-1687
-1685
-1688
-1700
-1725
-1755
-1779
-1789
-1786
-1775
-1762
-1751
-1740
-1731
-1724
-1722
-1726
-1734
-1741
-1741
-1731
-1709
-1683
-1663
-1656
-1658
-1664
-1669
-1673
-1677
-1682
-1685
-1685
-1681
-1675
-1673
-1679
-1698
-1725
-1749
-1762
-1761
-1750
-1735
-1721
-1709
-1697
-1686
-1680
-1679
-1683
-1688
-1688
-1680
-1658
-1629
-1603
-1588
-1585
-1588
-1591
-1593
-1595
-1598
-1601
-1600
-1596
-1589
-1584
-1586
-1600
-1624
-1649
-1665
-1667
-1657
-1642
-1626
-1613
-1599
-1587
-1579
-1576
-1579
-1584
-1586
-1580
-1562
-1535
-1506
-1488
-1481
-1483
-1486
-1488
-1490
-1492
-1495
-1496
-1493
-1486
-1480
-1479
-1488
-1509
-1535
-1556
-1563
-1557
-1543
-1528
-1515
-1502
-1491
-1481
-1477
-1478
-1482
-1486
-1483
-1470
-1444
-1415
-1392
-1381
-1380
-1383
-1385
-1386
-1388
-1391
-1393
-1391
-1386
-1379
-1377
-1383
-1401
-1428
-1453
-1466
-1465
-1453
-1439
-1425
-1413
-1401
-1390
-1384
-1383
-1386
-1390
-1389
-1378
-1354
-1323
-1295
-1277
-1271
-1271
-1271
-1269
-1268
-1268
-1267
-1263
-1255
-1246
-1238
-1237
-1248
-1269
-1292
-1306
-1305
-1293
-1275
-1257
-1240
-1224
-1209
-1196
-1190
-1189
-1190
-1188
-1179
-1158
-1127
-1095
-1074
-1065
-1064
-1066
-1066
-1066
-1067
-1069
-1069
-1064
-1057
-1049
-1047
-1055
-1075
-1100
-1118
-1123
-1114
-1097
-1078
-1061
-1043
-1026
-1011
-1000
-995
-993
-990
-980
-959
-925
-888
-857
-838
-829
-824
-818
-812
-807
-803
-798
-790
-780
-768
-761
-763
-778
-802
-824
-836
-833
-821
-806
-793
-781
-770
-761
-756
-757
-762
-769
-771
-763
-743
-716
-692
-680
-680
-685
-691
-696
-701
-708
-714
-717
-717
-715
-715
-722
-741
-771
-803
-825
-834
-831
-823
-816
-810
-804
-800
-799
-804
-814
-825
-834
-835
-823
-801
-779
-766
-765
-772
-780
-787
-794
-801
-809
-814
-816
-814
-813
-817
-831
-858
-889
-915
-927
-926
-917
-907
-898
-890
-883
-878
-878
-883
-891
-899
-899
-889
-866
-839
-819
-811
-812
-817
-821
-824
-828
-832
-835
-835
-831
-825
-823
-830
-850
-877
-902
-916
-915
-904
-891
-878
-866
-854
-844
-838
-837
-841
-845
-844
-833
-810
-779
-753
-737
-733
-735
-737
-738
-740
-742
-744
-744
-739
-733
-728
-730
-745
-770
-796
-814
-817
-808
-795
-781
-769
-758
-748
-741
-738
-741
-746
-748
-742
-723
-694
-666
-646
-638
-639
-642
-643
-644
-646
-648
-648
-644
-637
-630
-629
-639
-661
-688
-709
-717
-712
-699
-686
-675
-665
-657
-651
-651
-656
-664
-669
-665
-646
-609
-563
-516
-475
-436
-392
-341
-283
-220
-154
-84
-6
77
163
247
323
386
441
496
562
639
723
805
882
952
1014
1066
1106
1131
1143
1144
1140
1136
1137
1135
1123
1093
1046
990
930
868
804
737
670
605
544
485
423
354
274
182
90
8
-60
-115
-165
-213
-260
-306
-350
-395
-441
-489
-535
-575
-604
-616
-615
-612
-616
-629
-649
-666
-680
-691
-701
-709
-714
-713
-709
-704
-704
-713
-734
-758
-775
-779
-769
-750
-730
-710
-691
-671
-653
-639
-630
-624
-616
-601
-575
-537
-494
-459
-437
-424
-416
-407
-398
-390
-383
-375
-364
-350
-335
-324
-322
-333
-351
-367
-371
-361
-341
-317
-294
-273
-251
-231
-215
-204
-197
-191
-180
-160
-127
-87
-51
-27
-15
-9
-3
3
9
13
17
23
33
44
53
54
43
22
-1
-14
-13
0
18
36
52
68
84
97
105
108
109
113
126
151
186
221
246
259
264
266
270
274
277
279
283
291
302
312
316
310
291
268
250
247
256
272
290
305
320
335
346
353
354
351
350
355
371
399
431
456
468
471
470
470
471
471
470
471
475
482
490
495
490
473
448
426
415
419
433
450
466
482
496
509
518
522
521
520
524
538
565
599
630
648
656
658
660
663
665
666
667
672
679
688
695
694
681
658
633
618
617
627
643
658
672
686
698
707
710
709
706
705
714
734
765
795
816
824
825
823
823
823
822
820
820
824
831
838
838
828
805
778
757
749
755
767
780
792
803
813
821
823
820
814
810
811
825
850
879
900
910
909
906
903
901
897
893
890
891
894
899
900
891
870
841
814
799
798
806
817
827
836
844
850
853
850
843
835
833
841
863
891
916
929
931
928
925
923
920
917
914
913
917
922
925
920
903
876
848
829
824
831
842
853
863
872
880
885
885
880
873
869
873
891
918
945
962
968
966
963
961
960
957
955
955
958
965
970
970
959
935
907
885
875
879
890
901
911
920
928
933
934
928
920
913
913
925
948
975
995
1003
1002
997
994
992
989
985
983
985
989
995
996
989
968
940
915
901
902
911
922
933
942
950
957
959
955
947
939
937
944
964
991
1015
1027
1028
1024
1020
1018
1015
1011
1008
1007
1011
1016
1019
1014
998
970
942
924
919
925
937
947
957
966
973
977
976
970
962
957
961
977
1003
1029
1045
1050
1046
1042
1038
1034
1029
1024
1020
1021
1023
1025
1021
1006
979
947
922
910
911
919
927
933
938
942
943
940
931
918
907
902
909
928
950
964
965
957
946
935
925
914
902
891
884
880
876
867
849
818
780
744
720
709
708
708
708
705
703
698
689
674
656
637
623
619
628
644
655
656
645
628
612
596
580
564
547
533
523
514
503
485
453
412
370
337
318
310
308
304
300
295
289
279
265
245
224
206
196
200
214
227
230
221
205
187
171
156
139
123
109
98
91
83
70
46
9
-31
-65
-85
-91
-91
-89
-89
-89
-90
-93
-101
-114
-130
-145
-152
-147
-131
-111
-98
-97
-105
-116
-127
-136
-146
-157
-166
-172
-173
-175
-180
-194
-221
-255
-286
-304
-309
-305
-297
-291
-286
-281
-278
-279
-285
-295
-305
-309
-304
-284
-259
-237
-226
-227
-233
-239
-243
-248
-254
-260
-263
-262
-259
-259
-267
-286
-317
-347
-369
-376
-371
-363
-354
-347
-340
-334
-332
-335
-343
-352
-358
-355
-339
-314
-289
-274
-271
-275
-281
-285
-290
-295
-300
-303
-302
-299
-296
-300
-314
-341
-371
-395
-405
-403
-393
-383
-374
-365
-358
-353
-353
-358
-366
-373
-372
-360
-336
-309
-290
-282
-284
-290
-294
-297
-302
-306
-310
-309
-306
-301
-301
-310
-333
-362
-389
-403
-404
-396
-385
-376
-368
-361
-355
-354
-359
-367
-376
-379
-372
-351
-324
-300
-288
-287
-292
-296
-300
-303
-308
-312
-313
-310
-306
-304
-310
-328
-356
-385
-404
-409
-403
-392
-381
-373
-365
-358
-355
-357
-364
-372
-378
-374
-357
-332
-307
-291
-287
-291
-295
-298
-301
-304
-308
-310
-307
-302
-297
-299
-312
-337
-366
-388
-398
-394
-384
-373
-363
-355
-347
-342
-343
-349
-357
-365
-366
-354
-331
-305
-286
-280
-282
-288
-292
-296
-300
-305
-308
-307
-303
-297
-296
-305
-326
-354
-379
-392
-391
-381
-369
-358
-348
-339
-332
-329
-332
-340
-347
-349
-341
-320
-293
-269
-258
-257
-261
-265
-268
-272
-277
-281
-282
-279
-275
-273
-278
-296
-324
-353
-371
-376
-369
-358
-347
-338
-329
-321
-316
-317
-322
-329
-333
-327
-309
-281
-254
-236
-231
-233
-236
-238
-239
-241
-243
-242
-237
-229
-222
-221
-231
-253
-278
-297
-302
-295
-280
-265
-251
-238
-225
-214
-208
-207
-209
-209
-201
-181
-150
-115
-88
-72
-66
-62
-57
-50
-44
-38
-29
-17
0
17
31
36
28
14
3
4
19
43
69
93
116
138
157
171
179
182
185
193
209
239
274
305
324
331
334
336
339
342
343
344
348
355
362
367
363
346
317
288
268
261
265
273
280
285
289
291
290
283
270
255
243
239
248
266
283
289
283
270
255
242
229
214
199
187
179
173
166
154
130
95
56
24
6
1
2
5
6
7
7
5
-3
-15
-30
-44
-51
-46
-29
-9
3
3
-7
-19
-29
-39
-50
-60
-70
-75
-77
-78
-83
-97
-123
-156
-186
-203
-206
-199
-191
-184
-177
-171
-167
-167
-173
-183
-192
-196
-189
-170
-144
-123
-114
-116
-123
-130
-136
-142
-149
-155
-158
-157
-154
-154
-161
-180
-210
-239
-258
-263
-257
-246
-235
-225
-216
-208
-204
-204
-210
-217
-220
-215
-196
-169
-143
-127
-123
-126
-131
-133
-136
-140
-144
-146
-143
-138
-134
-136
-149
-174
-202
-223
-231
-226
-215
-204
-194
-186
-178
-174
-175
-182
-193
-202
-205
-196
-176
-154
-137
-131
-132
-133
-128
-118
-103
-82
-53
-15
33
87
140
188
227
261
302
356
425
505
587
667
745
820
892
957
1012
1059
1102
1143
1189
1240
1290
1327
1345
1345
1331
1310
1283
1250
1212
1170
1127
1086
1045
999
944
876
798
719
649
592
546
503
458
412
364
314
261
204
142
81
25
-19
-48
-64
-78
-99
-128
-161
-192
-219
-243
-266
-286
-301
-309
-312
-313
-319
-335
-362
-391
-412
-420
-414
-402
-388
-377
-366
-356
-349
-347
-350
-355
-358
-354
-337
-308
-277
-253
-241
-238
-237
-235
-232
-230
-229
-227
-221
-212
-202
-196
-200
-217
-241
-261
-269
-264
-249
-233
-217
-203
-189
-178
-170
-169
-171
-173
-170
-157
-130
-99
-72
-57
-53
-55
-56
-57
-58
-60
-62
-61
-56
-50
-47
-52
-69
-96
-123
-140
-142
-134
-120
-108
-97
-86
-76
-70
-70
-75
-81
-84
-78
-59
-32
-5
11
15
12
8
5
2
-2
-6
-8
-6
-1
2
-1
-14
-40
-69
-91
-100
-96
-85
-74
-64
-55
-47
-42
-42
-47
-56
-63
-63
-51
-27
-2
15
20
16
9
3
-2
-8
-15
-20
-22
-20
-17
-19
-31
-55
-86
-113
-128
-129
-121
-111
-101
-93
-86
-80
-79
-83
-92
-99
-102
-93
-72
-45
-22
-12
-13
-18
-23
-27
-32
-37
-42
-43
-41
-36
-35
-41
-60
-88
-116
-133
-137
-129
-116
-104
-94
-83
-74
-69
-69
-74
-80
-83
-76
-56
-27
1
18
23
22
19
17
16
13
11
11
16
23
28
28
17
-6
-32
-51
-55
-47
-32
-16
-1
12
24
34
39
38
34
32
38
55
83
114
136
147
148
146
146
146
145
144
144
148
155
163
166
159
140
114
92
83
87
100
115
129
142
154
164
170
170
166
162
163
175
199
229
254
268
270
268
267
266
265
263
262
263
269
277
281
278
262
237
211
196
196
206
220
234
246
258
268
274
275
272
266
265
272
292
321
348
365
370
367
364
362
360
357
354
353
356
362
366
365
352
327
300
280
274
280
293
307
319
330
340
347
349
346
340
335
338
353
378
406
425
432
430
425
421
418
414
409
406
406
410
415
415
406
384
355
331
320
322
334
347
360
371
382
391
395
394
389
384
385
396
420
449
473
485
486
482
479
477
474
471
468
468
473
479
482
477
459
432
406
390
389
399
413
427
439
451
462
469
470
466
461
460
468
488
517
544
560
565
563
559
557
555
552
549
548
552
558
563
562
550
526
499
480
474
481
494
508
519
530
540
546
548
543
535
529
530
543
566
592
608
613
608
601
595
589
583
576
571
570
572
575
572
561
536
506
479
464
464
472
482
491
498
505
509
508
502
492
481
476
482
499
522
539
545
539
529
519
510
500
489
478
471
467
465
459
446
420
384
348
323
311
310
314
316
317
317
315
309
297
280
262
247
241
247
262
275
278
269
252
235
219
203
187
170
157
147
140
132
118
92
55
16
-16
-35
-40
-39
-37
-38
-38
-40
-45
-55
-70
-88
-105
-114
-111
-97
-82
-74
-79
-93
-110
-125
-139
-154
-169
-183
-193
-199
-204
-214
-233
-264
-301
-335
-355
-361
-358
-354
-350
-348
-345
-345
-350
-360
-374
-387
-395
-391
-376
-354
-338
-334
-340
-351
-362
-371
-380
-391
-400
-405
-407
-407
-409
-420
-442
-474
-505
-525
-531
-526
-516
-507
-500
-492
-486
-484
-487
-495
-504
-510
-506
-490
-465
-442
-430
-429
-436
-443
-449
-455
-462
-468
-472
-471
-468
-466
-469
-484
-509
-538
-558
-564
-558
-544
-531
-518
-507
-496
-488
-486
-489
-494
-498
-494
-478
-452
-424
-404
-396
-398
-402
-406
-408
-412
-416
-419
-417
-412
-406
-404
-412
-432
-457
-478
-487
-481
-467
-451
-436
-422
-409
-397
-391
-390
-393
-396
-394
-381
-356
-326
-301
-288
-286
-289
-292
-294
-297
-301
-303
-303
-298
-291
-288
-292
-309
-335
-361
-375
-376
-366
-352
-338
-326
-315
-305
-299
-299
-304
-311
-313
-307
-288
-261
-236
-222
-220
-225
-231
-236
-241
-247
-253
-257
-256
-253
-250
-254
-269
-296
-324
-345
-352
-346
-334
-322
-311
-301
-292
-287
-287
-292
-300
-307
-306
-294
-271
-248
-233
-230
-237
-246
-255
-263
-272
-281
-288
-292
-292
-292
-296
-310
-336
-369
-396
-411
-412
-404
-394
-386
-379
-373
-369
-370
-376
-387
-397
-402
-397
-379
-357
-340
-335
-340
-351
-361
-370
-379
-389
-399
-404
-406
-405
-407
-417
-440
-471
-501
-520
-525
-519
-508
-499
-490
-482
-475
-472
-475
-482
-490
-495
-490
-473
-447
-424
-411
-409
-415
-421
-426
-431
-436
-442
-445
-443
-438
-435
-437
-450
-474
-501
-519
-522
-513
-498
-482
-468
-454
-441
-431
-426
-426
-430
-431
-424
-405
-375
-343
-319
-307
-304
-303
-300
-297
-293
-290
-284
-274
-260
-244
-232
-229
-238
-252
-261
-256
-237
-209
-179
-151
-123
-96
-72
-52
-37
-27
-17
-2
23
61
102
137
159
170
176
182
188
194
198
204
212
224
238
248
243
193
70
-152
-492
-934
-1460
-2054
-2697
-3372
-4060
-4741
-5394
-5995
-6502
-6879
-7124
-7252
-7275
-7216
-7099
-6945
-6764
-6557
-6323
-6066
-5790
-5496
-5175
-4816
-4413
-3964
-3474
-2951
-2401
-1832
-1239
-618
30
700
1378
2052
2717
3369
4002
4611
5192
5740
6256
6744
7207
7650
8070
8458
8804
9105
9364
9589
9784
9951
10088
10197
10282
10347
10393
10416
10415
10385
10324
10241
10147
10051
9956
9857
9748
9628
9497
9357
9207
9046
8874
8693
8509
8328
8156
7994
7837
7673
7496
7310
7121
6934
6751
6569
6389
6213
6043
5881
5724
5567
5405
5235
5059
4887
4730
4591
4465
4345
4227
4109
3993
3879
3762
3643
3521
3402
3290
3191
3108
3037
2967
2889
2803
2714
2628
2547
2468
2393
2322
2257
2200
2149
2101
2050
1990
1922
1856
1800
1761
1736
1719
1704
1689
1673
1658
1639
1616
1587
1555
1526
1503
1493
1493
1494
1486
1465
1435
1403
1372
1341
1310
1279
1251
1226
1206
1187
1163
1129
1082
1030
982
948
926
913
902
890
877
865
851
833
810
785
761
743
736
743
754
759
751
733
710
687
664
639
613
587
563
543
525
503
473
431
381
332
296
273
262
255
248
241
233
224
211
193
171
148
129
119
123
135
145
144
131
113
94
76
59
40
23
8
-3
-10
-19
-34
-59
-95
-133
-161
-175
-176
-171
-165
-160
-155
-151
-150
-154
-164
-176
-185
-188
-177
-157
-135
-121
-120
-127
-137
-145
-153
-161
-170
-177
-180
-179
-178
-182
-195
-221
-253
-279
-292
-291
-282
-271
-262
-253
-244
-238
-236
-239
-246
-252
-253
-242
-218
-190
-168
-157
-157
-160
-163
-165
-168
-171
-173
-172
-167
-161
-158
-163
-181
-208
-233
-247
-248
-237
-223
-210
-198
-187
-177
-172
-172
-178
-184
-187
-181
-161
-135
-111
-98
-97
-102
-109
-114
-119
-126
-132
-136
-136
-134
-133
-138
-156
-184
-215
-236
-244
-240
-229
-218
-209
-201
-193
-189
-191
-197
-207
-214
-214
-201
-178
-155
-140
-137
-143
-151
-158
-164
-172
-179
-185
-186
-184
-182
-185
-197
-223
-253
-279
-291
-290
-281
-270
-261
-252
-245
-239
-238
-242
-251
-258
-260
-250
-228
-202
-181
-172
-174
-179
-184
-187
-191
-196
-199
-198
-194
-188
-185
-191
-209
-235
-260
-274
-273
-262
-248
-234
-221
-209
-199
-192
-191
-194
-198
-198
-189
-167
-137
-110
-94
-89
-91
-94
-96
-97
-100
-102
-102
-97
-90
-84
-85
-97
-121
-146
-162
-165
-155
-140
-124
-110
-96
-84
-75
-71
-73
-78
-81
-77
-61
-34
-7
12
18
15
11
7
4
1
-3
-5
-2
3
9
10
1
-20
-47
-69
-78
-73
-60
-45
-32
-20
-9
0
4
2
-3
-8
-7
6
30
59
81
92
93
89
87
85
84
81
80
83
89
97
102
99
83
59
36
25
27
41
57
73
87
101
112
120
122
119
115
115
124
146
175
201
216
220
217
213
210
207
203
199
198
201
206
209
205
189
163
134
113
107
113
124
136
146
155
163
168
167
160
152
145
145
158
181
204
218
219
212
203
195
187
179
170
163
160
160
160
156
141
114
81
54
40
39
47
56
64
71
77
81
79
73
62
52
48
54
73
97
113
118
113
103
94
86
78
68
60
55
54
54
51
39
15
-18
-49
-68
-74
-69
-60
-53
-47
-41
-38
-38
-45
-56
-68
-76
-75
-60
-38
-19
-11
-15
-24
-35
-44
-53
-64
-74
-81
-84
-85
-87
-97
-118
-150
-183
-208
-218
-216
-208
-200
-193
-187
-181
-179
-182
-190
-200
-208
-208
-196
-175
-152
-139
-138
-146
-155
-163
-171
-179
-187
-194
-196
-196
-195
-199
-214
-240
-272
-298
-311
-310
-301
-291
-282
-274
-267
-262
-261
-267
-275
-283
-285
-275
-254
-228
-209
-202
-205
-212
-218
-223
-229
-235
-241
-243
-241
-238
-238
-246
-267
-296
-323
-339
-340
-331
-320
-309
-299
-290
-283
-279
-281
-288
-295
-298
-292
-272
-246
-222
-209
-208
-213
-218
-222
-227
-232
-237
-239
-238
-234
-232
-236
-253
-281
-310
-330
-337
-331
-320
-308
-298
-289
-281
-276
-276
-282
-290
-295
-293
-279
-254
-230
-214
-210
-215
-222
-226
-231
-236
-241
-244
-243
-239
-235
-237
-248
-272
-301
-325
-336
-334
-325
-314
-305
-297
-290
-285
-285
-290
-300
-309
-312
-304
-284
-260
-242
-237
-242
-250
-258
-264
-272
-280
-287
-290
-290
-289
-291
-302
-326
-358
-388
-407
-413
-408
-400
-393
-388
-383
-380
-380
-386
-397
-408
-415
-412
-396
-373
-353
-344
-347
-355
-364
-372
-380
-388
-396
-402
-403
-402
-403
-410
-430
-460
-492
-515
-524
-521
-512
-503
-495
-488
-482
-479
-481
-489
-499
-506
-504
-491
-467
-442
-427
-423
-428
